# unix_time, cycles_done, cur_path, paths_total, pending_total, pending_favs, map_size, unique_crashes, unique_hangs, max_depth, execs_per_sec
1586412668, 0, 0, 1, 1, 0, 0.08%, 0, 0, 1, 177.78
1586412673, 0, 0, 57, 57, 0, 0.31%, 0, 0, 2, 253.88
1586412679, 0, 0, 74, 74, 0, 0.33%, 0, 0, 2, 262.48
1586412684, 0, 0, 87, 87, 0, 0.33%, 0, 0, 2, 265.01
1586412689, 0, 0, 90, 90, 0, 0.33%, 0, 0, 2, 272.18
1586412694, 0, 0, 96, 96, 0, 0.33%, 0, 0, 2, 275.76
1586412699, 0, 0, 100, 100, 0, 0.36%, 0, 0, 2, 266.79
1586412704, 0, 0, 101, 101, 0, 0.36%, 0, 0, 2, 264.97
1586412709, 0, 0, 105, 105, 0, 0.38%, 0, 0, 2, 268.16
1586412714, 0, 0, 109, 109, 0, 0.38%, 0, 0, 2, 270.28
1586412719, 0, 0, 111, 111, 0, 0.38%, 0, 0, 2, 261.46
1586412724, 0, 0, 112, 112, 0, 0.38%, 0, 0, 2, 275.53
1586412729, 0, 0, 114, 114, 0, 0.38%, 0, 0, 2, 277.24
1586412734, 0, 0, 115, 115, 0, 0.38%, 0, 0, 2, 274.31
1586412739, 0, 0, 120, 120, 0, 0.40%, 0, 0, 2, 265.44
1586412745, 0, 0, 122, 122, 0, 0.40%, 0, 0, 2, 270.37
1586412755, 0, 0, 126, 126, 0, 0.41%, 0, 0, 2, 273.38
1586412765, 0, 0, 127, 127, 0, 0.42%, 0, 0, 2, 265.93
1586412775, 0, 0, 131, 131, 0, 0.42%, 0, 0, 2, 254.55
1586412781, 0, 0, 132, 132, 0, 0.42%, 0, 0, 2, 261.68
1586412796, 0, 0, 133, 133, 0, 0.42%, 0, 0, 2, 286.23
1586412801, 0, 3, 136, 135, 44, 0.43%, 0, 0, 3, 284.13
1586412806, 0, 3, 139, 138, 44, 0.43%, 0, 0, 3, 115.70
1586412812, 0, 3, 140, 139, 44, 0.44%, 0, 0, 3, 218.98
1586412822, 0, 3, 141, 140, 44, 0.44%, 0, 0, 3, 236.77
1586412843, 0, 3, 143, 142, 44, 0.44%, 0, 0, 3, 291.47
1586412848, 0, 3, 144, 143, 44, 0.44%, 0, 0, 3, 294.40
1586412853, 0, 3, 145, 144, 44, 0.44%, 0, 0, 3, 284.05
1586412878, 0, 3, 146, 145, 44, 0.44%, 0, 0, 3, 263.36
1586412893, 0, 3, 147, 146, 44, 0.44%, 0, 0, 3, 266.53
1586412914, 0, 3, 149, 148, 44, 0.45%, 0, 0, 3, 269.46
1586412929, 0, 4, 150, 148, 47, 0.45%, 0, 0, 3, 252.81
1586412934, 0, 15, 150, 147, 46, 0.45%, 0, 0, 3, 279.03
1586412939, 0, 19, 152, 148, 45, 0.45%, 0, 0, 3, 272.33
1586412944, 0, 19, 156, 152, 45, 0.47%, 0, 0, 3, 271.25
1586412950, 0, 19, 158, 154, 45, 0.47%, 0, 0, 3, 266.69
1586412955, 0, 19, 159, 155, 45, 0.47%, 0, 0, 3, 265.80
1586412960, 0, 19, 160, 156, 45, 0.47%, 0, 0, 3, 263.65
1586412965, 0, 19, 161, 157, 45, 0.49%, 0, 0, 3, 271.92
1586412975, 0, 19, 162, 158, 45, 0.49%, 0, 0, 3, 257.11
1586412990, 0, 19, 164, 160, 45, 0.49%, 0, 0, 3, 267.08
1586412995, 0, 19, 165, 161, 45, 0.49%, 0, 0, 3, 269.73
1586413015, 0, 19, 166, 162, 45, 0.50%, 0, 0, 3, 260.29
1586413026, 0, 19, 167, 163, 45, 0.50%, 0, 0, 3, 253.22
1586413031, 0, 19, 168, 164, 45, 0.50%, 0, 0, 3, 257.28
1586413036, 0, 20, 168, 163, 48, 0.50%, 0, 0, 3, 257.03
1586413046, 0, 22, 168, 162, 47, 0.50%, 0, 0, 3, 233.83
1586413051, 0, 24, 169, 162, 46, 0.50%, 0, 0, 3, 265.82
1586413056, 0, 27, 169, 161, 45, 0.50%, 0, 0, 3, 288.06
1586413061, 0, 29, 170, 161, 44, 0.50%, 0, 0, 3, 286.95
1586413066, 0, 31, 170, 160, 43, 0.50%, 0, 0, 3, 282.62
1586413071, 0, 31, 171, 161, 43, 0.50%, 0, 0, 3, 268.05
1586413076, 0, 34, 171, 160, 42, 0.50%, 0, 0, 3, 278.00
1586413082, 0, 36, 171, 159, 41, 0.50%, 0, 0, 3, 284.76
1586413092, 0, 38, 171, 157, 39, 0.50%, 0, 0, 3, 284.82
1586413097, 0, 40, 172, 157, 38, 0.51%, 0, 0, 3, 281.40
1586413102, 0, 41, 172, 156, 38, 0.51%, 0, 0, 3, 273.80
1586413108, 0, 42, 172, 155, 37, 0.51%, 0, 0, 3, 299.69
1586413118, 0, 47, 172, 154, 36, 0.51%, 0, 0, 3, 276.06
1586413123, 0, 48, 172, 153, 35, 0.51%, 0, 0, 3, 285.73
1586413133, 0, 48, 173, 154, 35, 0.51%, 0, 0, 3, 296.24
1586413149, 0, 48, 174, 155, 35, 0.52%, 0, 0, 3, 271.22
1586413164, 0, 48, 181, 162, 35, 0.54%, 0, 0, 3, 288.77
1586413169, 0, 48, 183, 164, 35, 0.54%, 0, 0, 3, 292.37
1586413184, 0, 48, 185, 166, 35, 0.54%, 0, 0, 3, 295.65
1586413189, 0, 48, 191, 172, 35, 0.54%, 0, 0, 3, 285.55
1586413246, 0, 48, 192, 173, 35, 0.54%, 0, 0, 3, 274.12
1586413384, 0, 50, 192, 172, 37, 0.54%, 0, 0, 3, 154.35
1586413394, 0, 51, 192, 171, 36, 0.54%, 0, 0, 3, 259.70
1586413440, 0, 54, 194, 172, 35, 0.54%, 0, 0, 3, 276.15
1586413450, 0, 55, 194, 171, 34, 0.54%, 0, 0, 3, 235.90
1586413455, 0, 56, 194, 170, 33, 0.54%, 0, 0, 3, 269.57
1586413465, 0, 73, 197, 172, 32, 0.54%, 0, 0, 3, 284.70
1586414130, 0, 83, 197, 171, 32, 0.54%, 0, 0, 3, 272.11
1586414594, 0, 83, 198, 172, 32, 0.54%, 0, 0, 3, 254.05
1586414599, 0, 83, 199, 173, 32, 0.54%, 0, 0, 3, 253.47
1586414604, 0, 83, 200, 174, 32, 0.54%, 0, 0, 3, 240.49
1586414609, 0, 83, 201, 175, 32, 0.54%, 0, 0, 3, 242.30
1586414619, 0, 83, 202, 176, 32, 0.55%, 0, 0, 3, 237.32
1586414655, 0, 83, 203, 177, 32, 0.55%, 0, 0, 3, 232.74
1586414666, 0, 83, 204, 178, 32, 0.55%, 0, 0, 3, 241.84
1586414671, 0, 83, 205, 179, 32, 0.55%, 0, 0, 3, 241.11
1586414681, 0, 85, 206, 179, 33, 0.55%, 0, 0, 3, 259.62
1586414686, 0, 96, 206, 178, 32, 0.55%, 0, 0, 3, 187.29
1586419835, 0, 96, 208, 180, 32, 0.55%, 0, 0, 3, 187.97
1586419840, 0, 96, 209, 181, 32, 0.55%, 0, 0, 3, 213.52
1586419865, 0, 96, 210, 182, 32, 0.55%, 0, 0, 3, 1.76
1586419870, 0, 96, 211, 183, 32, 0.55%, 0, 0, 3, 122.58
1586419875, 0, 96, 212, 184, 32, 0.55%, 0, 0, 3, 175.42
1586419886, 0, 96, 215, 187, 32, 0.55%, 0, 0, 3, 198.75
1586419997, 0, 98, 216, 187, 33, 0.55%, 0, 0, 3, 275.77
1586420002, 0, 103, 224, 194, 33, 0.57%, 0, 0, 3, 318.80
1586420013, 0, 103, 225, 195, 33, 0.57%, 0, 0, 3, 294.68
1586420018, 0, 107, 225, 194, 36, 0.57%, 0, 0, 3, 295.65
1586420033, 0, 115, 225, 193, 35, 0.57%, 0, 0, 3, 324.89
1586420043, 0, 115, 226, 194, 35, 0.57%, 0, 0, 3, 320.26
1586420048, 0, 115, 227, 195, 35, 0.57%, 0, 0, 3, 328.51
1586420115, 0, 115, 229, 197, 35, 0.58%, 0, 0, 3, 321.43
1586420213, 0, 117, 229, 196, 34, 0.58%, 0, 0, 3, 308.34
1586420218, 0, 119, 229, 195, 33, 0.58%, 0, 0, 3, 313.85
1586420315, 0, 121, 229, 194, 33, 0.58%, 0, 0, 3, 304.13
1586420325, 0, 123, 229, 193, 32, 0.58%, 0, 0, 3, 316.20
1586420422, 0, 123, 230, 194, 32, 0.60%, 0, 0, 3, 320.65
1586420442, 0, 124, 230, 193, 31, 0.60%, 0, 0, 3, 283.37
1586420452, 0, 126, 230, 192, 30, 0.60%, 0, 0, 3, 268.67
1586426263, 0, 128, 230, 191, 29, 0.60%, 0, 0, 3, 276.78
1586426268, 0, 134, 230, 190, 28, 0.60%, 0, 0, 3, 285.59
1586426273, 0, 134, 231, 191, 28, 0.60%, 0, 0, 4, 282.92
1586426278, 0, 139, 231, 190, 27, 0.60%, 0, 0, 4, 273.56
1586426289, 0, 140, 231, 189, 26, 0.60%, 0, 0, 4, 314.35
1586426304, 0, 148, 231, 188, 25, 0.60%, 0, 0, 4, 297.48
1586426309, 0, 150, 231, 187, 24, 0.60%, 0, 0, 4, 290.41
1586426314, 0, 152, 238, 193, 23, 0.60%, 0, 0, 4, 287.69
1586426319, 0, 152, 239, 194, 23, 0.60%, 0, 0, 4, 286.82
1586426334, 0, 160, 239, 193, 24, 0.60%, 0, 0, 4, 286.39
1586426345, 0, 165, 240, 193, 23, 0.60%, 0, 0, 4, 295.58
1586426350, 0, 166, 242, 194, 23, 0.60%, 0, 0, 4, 320.74
1586426355, 0, 166, 244, 196, 23, 0.60%, 0, 0, 4, 306.05
1586426360, 0, 166, 245, 197, 23, 0.60%, 0, 0, 4, 305.10
1586426370, 0, 166, 246, 198, 23, 0.60%, 0, 0, 4, 294.73
1586426376, 0, 166, 247, 199, 23, 0.60%, 0, 0, 4, 38.11
1586426414, 0, 166, 248, 200, 23, 0.60%, 0, 0, 4, 283.21
1586426507, 0, 171, 249, 199, 22, 0.60%, 0, 0, 4, 279.88
1586426513, 0, 171, 251, 201, 22, 0.60%, 0, 0, 4, 5.98
1586426518, 0, 173, 261, 210, 22, 0.61%, 0, 0, 4, 294.28
1586426523, 0, 173, 265, 214, 22, 0.61%, 0, 0, 4, 288.95
1586426747, 0, 173, 266, 215, 22, 0.61%, 0, 0, 4, 1.82
1586426752, 0, 175, 267, 215, 23, 0.61%, 0, 0, 4, 304.34
1586426956, 0, 192, 267, 214, 23, 0.61%, 0, 0, 4, 298.94
1586426961, 0, 192, 269, 216, 23, 0.61%, 0, 0, 4, 309.82
1586426966, 0, 192, 271, 218, 23, 0.62%, 0, 0, 4, 295.13
1586426994, 0, 192, 272, 219, 23, 0.62%, 0, 0, 4, 231.13
1586427010, 0, 192, 273, 220, 23, 0.62%, 0, 0, 4, 269.32
1586427015, 0, 192, 274, 221, 23, 0.62%, 0, 0, 4, 284.96
1586427166, 0, 194, 274, 220, 22, 0.62%, 0, 0, 4, 299.17
1586427764, 0, 196, 274, 219, 22, 0.62%, 0, 0, 4, 314.53
1586427769, 0, 196, 276, 221, 22, 0.62%, 0, 0, 4, 338.15
1586427830, 0, 196, 277, 222, 22, 0.62%, 0, 0, 4, 340.36
1586428367, 0, 202, 278, 222, 22, 0.62%, 0, 0, 4, 314.48
1586428403, 0, 212, 278, 221, 21, 0.62%, 0, 0, 4, 171.52
1586449099, 0, 212, 279, 222, 21, 0.62%, 0, 0, 4, 92.21
1586449116, 0, 215, 279, 221, 20, 0.62%, 0, 0, 4, 14.20
1586449121, 0, 216, 279, 220, 19, 0.62%, 0, 0, 4, 326.71
1586449131, 0, 218, 279, 219, 18, 0.62%, 0, 0, 4, 311.31
1586449147, 0, 219, 302, 241, 17, 0.63%, 0, 0, 4, 313.76
1586449157, 0, 219, 304, 243, 17, 0.63%, 0, 0, 4, 289.18
1586449162, 0, 219, 305, 244, 17, 0.63%, 0, 0, 4, 291.59
1586449193, 0, 219, 306, 245, 17, 0.63%, 0, 0, 4, 286.22
1586449219, 0, 219, 307, 246, 17, 0.63%, 0, 0, 4, 292.56
1586449248, 0, 219, 308, 247, 17, 0.63%, 0, 0, 4, 216.99
1586449258, 0, 222, 308, 246, 27, 0.63%, 0, 0, 4, 331.68
1586449268, 0, 223, 308, 245, 26, 0.63%, 0, 0, 4, 318.51
1586449278, 0, 227, 308, 244, 25, 0.63%, 0, 0, 4, 315.00
1586449288, 0, 227, 312, 248, 25, 0.64%, 0, 0, 4, 328.33
1586449465, 0, 227, 316, 252, 25, 0.64%, 0, 0, 4, 299.85
1586449489, 0, 227, 318, 254, 25, 0.64%, 0, 0, 4, 1.63
1586449509, 0, 227, 319, 255, 25, 0.64%, 0, 0, 4, 269.15
1586449586, 0, 227, 320, 256, 25, 0.64%, 0, 0, 4, 270.24
1586449606, 0, 228, 320, 255, 24, 0.64%, 0, 0, 4, 304.13
1586449776, 0, 229, 320, 254, 23, 0.64%, 0, 0, 4, 294.52
1586449787, 0, 229, 321, 255, 23, 0.65%, 0, 0, 4, 326.38
1586449822, 0, 231, 321, 254, 22, 0.65%, 0, 0, 4, 278.71
1586449833, 0, 235, 321, 253, 21, 0.65%, 0, 0, 4, 306.02
1586449838, 0, 235, 323, 255, 21, 0.65%, 0, 0, 5, 299.19
1586449848, 0, 235, 325, 257, 21, 0.65%, 0, 0, 5, 292.25
1586449863, 0, 235, 326, 258, 21, 0.65%, 0, 0, 5, 292.77
1586449899, 0, 235, 327, 259, 21, 0.65%, 0, 0, 5, 295.84
1586449945, 0, 236, 327, 258, 20, 0.65%, 0, 0, 5, 301.70
1586449955, 0, 239, 329, 259, 19, 0.65%, 0, 0, 5, 298.42
1586449960, 0, 239, 330, 260, 19, 0.65%, 0, 0, 5, 326.13
1586449966, 0, 248, 331, 260, 19, 0.65%, 0, 0, 5, 308.40
1586449971, 0, 250, 332, 260, 19, 0.65%, 0, 0, 5, 307.50
1586449981, 0, 253, 334, 261, 19, 0.65%, 0, 0, 5, 318.82
1586450195, 0, 257, 338, 264, 19, 0.65%, 0, 0, 5, 317.87
1586450231, 0, 257, 340, 266, 19, 0.65%, 0, 0, 5, 318.54
1586450404, 0, 266, 340, 265, 19, 0.65%, 0, 0, 5, 286.33
1586450613, 0, 276, 340, 264, 18, 0.65%, 0, 0, 5, 308.70
1586450618, 0, 276, 341, 265, 18, 0.65%, 0, 0, 5, 325.17
1586451226, 0, 278, 341, 264, 18, 0.65%, 0, 0, 5, 41.67
