# unix_time, cycles_done, cur_path, paths_total, pending_total, pending_favs, map_size, unique_crashes, unique_hangs, max_depth, execs_per_sec
1586558842, 0, 0, 1, 1, 0, 0.16%, 0, 0, 1, 33.20
1586558848, 0, 0, 64, 64, 0, 0.29%, 0, 0, 2, 311.09
1586558853, 0, 0, 70, 70, 0, 0.30%, 0, 0, 2, 322.32
1586558858, 0, 0, 89, 89, 0, 0.34%, 0, 0, 2, 310.45
1586558868, 0, 0, 90, 90, 0, 0.35%, 0, 0, 2, 320.54
1586558878, 0, 0, 96, 96, 0, 0.36%, 0, 0, 2, 321.14
1586558899, 0, 0, 107, 107, 0, 0.36%, 0, 0, 2, 310.69
1586558904, 0, 0, 130, 130, 0, 0.43%, 0, 0, 2, 289.41
1586558909, 0, 0, 138, 138, 0, 0.44%, 0, 0, 2, 287.61
1586558914, 0, 0, 144, 144, 0, 0.45%, 0, 0, 2, 283.24
1586558919, 0, 0, 147, 147, 0, 0.45%, 0, 0, 2, 282.92
1586558924, 0, 1, 148, 147, 43, 0.45%, 0, 0, 2, 280.18
1586558975, 0, 3, 155, 153, 42, 0.45%, 0, 0, 3, 317.76
1586558980, 0, 3, 162, 160, 42, 0.45%, 0, 0, 3, 320.69
1586558986, 0, 3, 168, 166, 42, 0.48%, 0, 0, 3, 296.59
1586559027, 0, 3, 169, 167, 42, 0.48%, 0, 0, 3, 285.96
1586559032, 0, 3, 172, 170, 42, 0.48%, 0, 0, 3, 251.17
1586559037, 0, 20, 172, 169, 48, 0.48%, 0, 0, 3, 303.59
1586559093, 0, 28, 173, 169, 47, 0.48%, 0, 0, 3, 296.54
1586559098, 0, 28, 175, 171, 47, 0.51%, 0, 0, 3, 293.95
1586559104, 0, 28, 176, 172, 47, 0.51%, 0, 0, 3, 297.28
1586559165, 0, 47, 176, 171, 47, 0.51%, 0, 0, 3, 12.63
1586559222, 0, 47, 177, 172, 47, 0.51%, 0, 0, 3, 294.07
1586559227, 0, 49, 177, 171, 46, 0.51%, 0, 0, 3, 276.32
1586559278, 0, 49, 178, 172, 46, 0.51%, 0, 0, 3, 310.56
1586559283, 0, 55, 180, 173, 45, 0.52%, 0, 0, 3, 315.48
1586559309, 0, 55, 182, 175, 45, 0.52%, 0, 0, 3, 324.71
1586559334, 0, 59, 183, 175, 45, 0.52%, 0, 0, 3, 294.51
1586559385, 0, 61, 184, 175, 45, 0.52%, 0, 0, 3, 322.66
1586559437, 0, 62, 184, 174, 44, 0.52%, 0, 0, 3, 317.05
1586559442, 0, 62, 185, 175, 44, 0.52%, 0, 0, 3, 312.92
1586559488, 0, 66, 186, 175, 43, 0.53%, 0, 0, 3, 311.35
1586559534, 0, 67, 186, 174, 42, 0.53%, 0, 0, 3, 327.54
1586559580, 0, 69, 186, 173, 41, 0.53%, 0, 0, 3, 315.87
1586559631, 0, 72, 186, 172, 40, 0.53%, 0, 0, 3, 277.33
1586559682, 0, 76, 187, 172, 39, 0.53%, 0, 0, 3, 324.95
1586559693, 0, 76, 189, 174, 39, 0.53%, 0, 0, 3, 326.73
1586559733, 0, 80, 189, 172, 37, 0.53%, 0, 0, 3, 309.95
1586559743, 0, 80, 190, 173, 37, 0.53%, 0, 0, 3, 309.10
1586559784, 0, 81, 190, 172, 36, 0.53%, 0, 0, 3, 325.30
1586559836, 0, 86, 190, 171, 35, 0.53%, 0, 0, 3, 321.63
1586559887, 0, 87, 190, 170, 34, 0.53%, 0, 0, 3, 321.79
1586559933, 0, 88, 191, 170, 33, 0.55%, 0, 0, 3, 309.67
1586559989, 0, 91, 191, 168, 31, 0.55%, 0, 0, 3, 317.13
1586560040, 0, 107, 192, 168, 30, 0.55%, 0, 0, 3, 308.18
1586560051, 0, 120, 193, 167, 29, 0.55%, 0, 0, 3, 295.53
1586560056, 0, 120, 196, 170, 29, 0.55%, 0, 0, 3, 324.00
1586560081, 0, 121, 207, 180, 29, 0.55%, 0, 0, 3, 301.23
1586560086, 0, 121, 208, 181, 29, 0.55%, 0, 0, 3, 321.15
1586560091, 0, 121, 219, 192, 29, 0.61%, 0, 0, 3, 323.34
1586560101, 0, 121, 221, 194, 29, 0.61%, 0, 0, 3, 320.25
1586560107, 0, 121, 231, 204, 29, 0.61%, 0, 0, 3, 325.02
1586560137, 0, 123, 231, 203, 32, 0.61%, 0, 0, 3, 316.01
1586560189, 0, 125, 232, 203, 31, 0.61%, 0, 0, 3, 307.51
1586560245, 0, 137, 232, 201, 29, 0.61%, 0, 0, 3, 322.44
1586560312, 0, 141, 232, 200, 28, 0.61%, 0, 0, 3, 328.67
1586560317, 0, 149, 233, 200, 27, 0.61%, 0, 0, 4, 315.06
1586560327, 0, 149, 234, 201, 27, 0.61%, 0, 0, 4, 318.58
1586560363, 0, 149, 235, 202, 27, 0.61%, 0, 0, 4, 324.78
1586560368, 0, 155, 237, 203, 28, 0.61%, 0, 0, 4, 320.39
1586560419, 0, 156, 237, 202, 28, 0.61%, 0, 0, 4, 323.77
1586560466, 0, 157, 237, 201, 27, 0.61%, 0, 0, 4, 325.97
1586560517, 0, 160, 237, 200, 26, 0.61%, 0, 0, 4, 324.33
1586560568, 0, 162, 239, 201, 25, 0.62%, 0, 0, 4, 299.67
1586560619, 0, 164, 240, 201, 25, 0.62%, 0, 0, 4, 309.15
1586560624, 0, 164, 241, 202, 25, 0.62%, 0, 0, 4, 317.10
1586560630, 0, 164, 247, 208, 25, 0.62%, 0, 0, 4, 320.06
1586560650, 0, 164, 248, 209, 25, 0.62%, 0, 0, 4, 316.74
1586560670, 0, 164, 252, 213, 25, 0.62%, 0, 0, 4, 304.08
1586560676, 0, 167, 253, 213, 26, 0.62%, 0, 0, 4, 307.18
1586560732, 0, 173, 254, 213, 25, 0.62%, 0, 0, 4, 245.71
1586560794, 0, 174, 256, 214, 24, 0.62%, 0, 0, 4, 291.45
1586560799, 0, 174, 257, 215, 24, 0.62%, 0, 0, 4, 289.18
1586560804, 0, 174, 259, 217, 24, 0.62%, 0, 0, 4, 314.57
1586560850, 0, 178, 259, 216, 24, 0.62%, 0, 0, 4, 278.44
1586560856, 0, 178, 260, 217, 24, 0.62%, 0, 0, 4, 276.66
1586560881, 0, 178, 266, 223, 24, 0.62%, 0, 0, 4, 257.61
1586560927, 0, 180, 266, 222, 26, 0.62%, 0, 0, 4, 324.73
1586561015, 0, 181, 266, 221, 25, 0.62%, 0, 0, 4, 290.69
1586561087, 0, 183, 266, 220, 24, 0.62%, 0, 0, 4, 273.01
1586561092, 0, 184, 266, 219, 23, 0.62%, 0, 0, 4, 286.12
1586561143, 0, 185, 267, 219, 22, 0.62%, 0, 0, 4, 325.75
1586561154, 0, 185, 269, 221, 22, 0.62%, 0, 0, 4, 328.01
1586561195, 0, 186, 271, 222, 22, 0.62%, 0, 0, 4, 321.90
1586561205, 0, 188, 272, 222, 22, 0.63%, 0, 0, 4, 328.34
1586561251, 0, 190, 273, 222, 22, 0.63%, 0, 0, 4, 325.18
1586561261, 0, 190, 276, 225, 22, 0.65%, 0, 0, 4, 328.71
1586561302, 0, 191, 279, 227, 21, 0.66%, 0, 0, 4, 325.06
1586561312, 0, 193, 281, 228, 20, 0.66%, 0, 0, 4, 323.19
1586561337, 0, 207, 283, 229, 19, 0.66%, 0, 0, 4, 324.17
1586561347, 0, 207, 285, 231, 19, 0.66%, 0, 0, 4, 329.21
1586561394, 0, 208, 298, 243, 20, 0.67%, 0, 0, 4, 272.65
1586561399, 0, 208, 299, 244, 20, 0.67%, 0, 0, 4, 308.12
1586561404, 0, 208, 301, 246, 20, 0.67%, 0, 0, 4, 324.21
1586561409, 0, 208, 302, 247, 20, 0.67%, 0, 0, 4, 311.66
1586561450, 0, 213, 303, 247, 20, 0.67%, 0, 0, 4, 318.92
1586561460, 0, 213, 304, 248, 20, 0.67%, 0, 0, 4, 327.56
1586561506, 0, 231, 304, 247, 20, 0.67%, 0, 0, 4, 308.46
1586561557, 0, 232, 305, 247, 19, 0.67%, 0, 0, 5, 314.37
1586561568, 0, 232, 306, 248, 19, 0.67%, 0, 0, 5, 294.28
1586561609, 0, 232, 309, 251, 19, 0.67%, 0, 0, 5, 284.71
1586561624, 0, 233, 309, 250, 18, 0.67%, 0, 0, 5, 306.88
1586561675, 0, 238, 309, 249, 17, 0.67%, 0, 0, 5, 318.55
1586561727, 0, 244, 309, 248, 16, 0.67%, 0, 0, 5, 322.81
1586561778, 0, 245, 309, 247, 15, 0.67%, 0, 0, 5, 313.59
1586561829, 0, 246, 309, 246, 14, 0.67%, 0, 0, 5, 326.96
1586561880, 0, 254, 310, 246, 13, 0.67%, 0, 0, 5, 298.91
1586561937, 0, 257, 310, 245, 13, 0.67%, 0, 0, 5, 300.32
1586561989, 0, 258, 311, 245, 12, 0.67%, 0, 0, 5, 315.69
1586562035, 0, 263, 311, 244, 11, 0.67%, 0, 0, 5, 315.47
1586562091, 0, 264, 311, 243, 10, 0.67%, 0, 0, 5, 318.62
1586562147, 0, 265, 311, 242, 9, 0.67%, 0, 0, 5, 317.82
1586562204, 0, 268, 312, 242, 8, 0.67%, 0, 0, 5, 57.88
1586562250, 0, 270, 315, 244, 8, 0.67%, 0, 0, 5, 318.25
1586562255, 0, 270, 316, 245, 8, 0.68%, 0, 0, 5, 310.27
1586562260, 0, 271, 317, 245, 8, 0.68%, 0, 0, 5, 321.40
1586562265, 0, 271, 318, 246, 8, 0.68%, 0, 0, 5, 327.60
1586562312, 0, 278, 319, 246, 8, 0.68%, 0, 0, 5, 321.88
1586562317, 0, 284, 319, 245, 8, 0.68%, 0, 0, 5, 316.51
1586562327, 0, 284, 320, 246, 8, 0.68%, 0, 0, 5, 321.23
1586562373, 0, 294, 320, 245, 8, 0.68%, 0, 0, 5, 325.02
1586562425, 0, 300, 321, 245, 8, 0.68%, 0, 0, 5, 329.16
1586562476, 0, 301, 323, 246, 8, 0.68%, 0, 0, 5, 316.09
1586562532, 0, 302, 323, 245, 8, 0.68%, 0, 0, 5, 300.38
1586562537, 0, 302, 324, 246, 8, 0.68%, 0, 0, 5, 307.90
1586562542, 0, 302, 325, 247, 8, 0.68%, 0, 0, 5, 298.12
1586562589, 0, 311, 326, 247, 8, 0.68%, 0, 0, 6, 291.72
1586562599, 0, 311, 327, 248, 8, 0.68%, 0, 0, 6, 292.46
1586562645, 0, 315, 327, 247, 8, 0.68%, 0, 0, 6, 296.99
1586562655, 0, 317, 328, 247, 7, 0.68%, 0, 0, 6, 292.54
1586562711, 0, 318, 328, 246, 7, 0.68%, 0, 0, 6, 281.49
1586562722, 0, 319, 328, 245, 6, 0.68%, 0, 0, 6, 259.38
1586562799, 0, 320, 328, 244, 5, 0.68%, 0, 0, 6, 295.29
1586562861, 0, 322, 329, 244, 4, 0.68%, 0, 0, 6, 318.72
1586562917, 0, 324, 330, 244, 4, 0.68%, 0, 0, 6, 321.48
1586562933, 0, 324, 331, 245, 4, 0.68%, 0, 0, 6, 325.57
1586562973, 0, 326, 332, 245, 4, 0.69%, 0, 0, 7, 324.58
1586563024, 0, 327, 334, 246, 4, 0.69%, 0, 0, 7, 324.53
1586563029, 0, 327, 335, 247, 4, 0.69%, 0, 0, 7, 330.60
1586563070, 0, 328, 335, 246, 4, 0.69%, 0, 0, 7, 325.20
1586563127, 0, 330, 335, 245, 3, 0.69%, 0, 0, 7, 325.90
1586563178, 0, 331, 335, 244, 2, 0.69%, 0, 0, 7, 324.55
1586563229, 0, 334, 336, 244, 1, 0.69%, 0, 0, 8, 324.42
1586563275, 0, 335, 337, 244, 1, 0.69%, 0, 0, 9, 325.31
1586563286, 0, 335, 338, 245, 1, 0.69%, 0, 0, 9, 329.40
1586563327, 0, 337, 339, 245, 1, 0.69%, 0, 0, 10, 331.67
1586563373, 0, 338, 339, 244, 1, 0.69%, 0, 0, 10, 323.20
1586563424, 1, 30, 339, 243, 0, 0.69%, 0, 0, 10, 303.50
1586563475, 1, 39, 339, 242, 0, 0.69%, 0, 0, 10, 322.24
1586563526, 1, 72, 339, 241, 0, 0.69%, 0, 0, 10, 309.23
1586563531, 1, 180, 339, 241, 0, 0.69%, 0, 0, 10, 299.36
1586563536, 1, 215, 340, 242, 0, 0.69%, 0, 0, 10, 318.44
1586563542, 1, 215, 341, 243, 0, 0.69%, 0, 0, 10, 328.48
1586563588, 1, 245, 341, 242, 0, 0.69%, 0, 0, 10, 304.94
1586563593, 1, 327, 341, 242, 0, 0.69%, 0, 0, 10, 294.79
1586563598, 2, 86, 341, 242, 0, 0.69%, 0, 0, 10, 288.98
1586563603, 2, 122, 341, 242, 0, 0.69%, 0, 0, 10, 318.66
1586563608, 2, 232, 341, 241, 0, 0.69%, 0, 0, 10, 302.66
1586563613, 2, 265, 342, 242, 0, 0.69%, 0, 0, 10, 298.93
1586563618, 3, 49, 342, 242, 0, 0.69%, 0, 0, 10, 298.11
1586563624, 3, 148, 342, 242, 0, 0.69%, 0, 0, 10, 303.28
1586563695, 3, 195, 342, 241, 0, 0.69%, 0, 0, 10, 311.60
1586563720, 3, 232, 343, 241, 0, 0.69%, 0, 0, 10, 311.18
1586563726, 3, 271, 343, 241, 0, 0.69%, 0, 0, 10, 293.00
1586563731, 3, 306, 344, 242, 0, 0.69%, 0, 0, 10, 313.35
1586563741, 3, 306, 345, 243, 0, 0.69%, 0, 0, 10, 319.34
1586563777, 3, 306, 346, 244, 0, 0.69%, 0, 0, 10, 317.95
1586563782, 3, 306, 347, 245, 0, 0.69%, 0, 0, 10, 305.72
1586563787, 4, 2, 347, 244, 0, 0.69%, 0, 0, 10, 302.98
1586563838, 4, 80, 347, 243, 0, 0.69%, 0, 0, 10, 307.27
1586563843, 4, 183, 347, 243, 0, 0.69%, 0, 0, 10, 296.30
1586563848, 4, 264, 347, 243, 0, 0.69%, 0, 0, 10, 301.11
1586563853, 4, 303, 347, 243, 0, 0.69%, 0, 0, 10, 318.30
1586563905, 4, 323, 347, 242, 0, 0.69%, 0, 0, 10, 305.63
1586563961, 4, 335, 347, 241, 0, 0.69%, 0, 0, 10, 299.43
1586563967, 5, 47, 347, 241, 0, 0.69%, 0, 0, 10, 291.23
1586563972, 5, 62, 347, 241, 0, 0.69%, 0, 0, 10, 280.36
1586563977, 5, 78, 347, 241, 0, 0.69%, 0, 0, 10, 287.00
1586563982, 5, 88, 347, 241, 0, 0.69%, 0, 0, 10, 285.28
1586563987, 5, 123, 347, 241, 0, 0.69%, 0, 0, 10, 282.96
1586563993, 5, 149, 347, 241, 0, 0.69%, 0, 0, 10, 287.65
1586563998, 5, 167, 348, 242, 0, 0.69%, 0, 0, 10, 285.26
1586564019, 5, 173, 348, 242, 0, 0.69%, 0, 0, 10, 2.11
1586564024, 5, 183, 348, 242, 0, 0.69%, 0, 0, 10, 277.71
1586564030, 5, 191, 348, 242, 0, 0.69%, 0, 0, 10, 283.30
1586564035, 5, 205, 348, 242, 0, 0.69%, 0, 0, 10, 313.93
1586564086, 5, 226, 348, 241, 0, 0.69%, 0, 0, 10, 320.31
1586564138, 5, 232, 348, 240, 0, 0.69%, 0, 0, 10, 298.53
1586564143, 5, 245, 348, 240, 0, 0.69%, 0, 0, 10, 285.98
1586564148, 5, 263, 348, 240, 0, 0.69%, 0, 0, 10, 287.92
1586564153, 5, 271, 348, 240, 0, 0.69%, 0, 0, 10, 287.80
1586564158, 5, 320, 348, 240, 0, 0.69%, 0, 0, 10, 284.73
1586564164, 5, 331, 348, 240, 0, 0.69%, 0, 0, 10, 283.69
1586564169, 6, 2, 348, 240, 0, 0.69%, 0, 0, 10, 282.64
1586564174, 6, 49, 348, 240, 0, 0.69%, 0, 0, 10, 287.60
1586564179, 6, 67, 350, 242, 0, 0.69%, 0, 0, 10, 290.65
1586564184, 6, 81, 351, 243, 0, 0.69%, 0, 0, 10, 290.81
1586564189, 6, 91, 351, 243, 0, 0.69%, 0, 0, 10, 278.54
1586564194, 6, 125, 351, 243, 0, 0.69%, 0, 0, 10, 278.03
1586564200, 6, 133, 351, 243, 0, 0.69%, 0, 0, 10, 300.49
1586564246, 6, 141, 351, 242, 0, 0.69%, 0, 0, 10, 309.03
1586564251, 6, 164, 351, 242, 0, 0.69%, 0, 0, 10, 290.63
1586564256, 6, 171, 351, 242, 0, 0.69%, 0, 0, 10, 305.98
1586564307, 6, 180, 351, 241, 0, 0.69%, 0, 0, 10, 296.81
1586564312, 6, 186, 351, 241, 0, 0.69%, 0, 0, 10, 287.25
1586564317, 6, 232, 351, 241, 0, 0.69%, 0, 0, 10, 291.51
1586564322, 6, 245, 351, 241, 0, 0.69%, 0, 0, 10, 283.85
1586564327, 6, 251, 351, 241, 0, 0.69%, 0, 0, 10, 305.61
1586564389, 6, 263, 351, 240, 0, 0.69%, 0, 0, 10, 262.28
1586564394, 6, 270, 353, 242, 0, 0.69%, 0, 0, 10, 274.62
1586564399, 6, 276, 353, 242, 0, 0.69%, 0, 0, 10, 275.87
1586564453, 6, 315, 353, 241, 0, 0.69%, 0, 0, 10, 2.31
1586564458, 6, 327, 353, 241, 0, 0.69%, 0, 0, 10, 277.66
1586564463, 6, 331, 353, 241, 0, 0.69%, 0, 0, 10, 256.34
1586564468, 7, 3, 353, 241, 0, 0.69%, 0, 0, 10, 266.78
1586564473, 7, 49, 353, 241, 0, 0.69%, 0, 0, 10, 266.94
1586564479, 7, 66, 353, 241, 0, 0.69%, 0, 0, 10, 248.38
1586564502, 7, 72, 353, 241, 0, 0.69%, 0, 0, 10, 1.03
1586564508, 7, 87, 353, 241, 0, 0.69%, 0, 0, 10, 276.91
1586564513, 7, 107, 353, 241, 0, 0.69%, 0, 0, 10, 242.08
1586564518, 7, 132, 353, 241, 0, 0.69%, 0, 0, 10, 270.89
1586564523, 7, 149, 353, 241, 0, 0.69%, 0, 0, 10, 228.75
1586564528, 7, 160, 353, 241, 0, 0.69%, 0, 0, 10, 248.61
1586564533, 7, 173, 353, 241, 0, 0.69%, 0, 0, 10, 236.99
1586564539, 7, 178, 353, 241, 0, 0.69%, 0, 0, 10, 219.82
1586564544, 7, 183, 353, 241, 0, 0.69%, 0, 0, 10, 266.01
1586564549, 7, 185, 353, 241, 0, 0.69%, 0, 0, 10, 107.12
1586564554, 7, 190, 353, 241, 0, 0.69%, 0, 0, 10, 120.19
1586564559, 7, 231, 353, 241, 0, 0.69%, 0, 0, 10, 256.92
1586564564, 7, 233, 353, 241, 0, 0.69%, 0, 0, 10, 268.29
1586564569, 7, 244, 354, 242, 0, 0.69%, 0, 0, 10, 207.89
1586564574, 7, 246, 354, 242, 0, 0.69%, 0, 0, 10, 266.05
1586564579, 7, 263, 354, 242, 0, 0.69%, 0, 0, 10, 247.92
1586564585, 7, 270, 354, 242, 0, 0.69%, 0, 0, 10, 249.11
1586564590, 7, 290, 354, 242, 0, 0.69%, 0, 0, 10, 200.39
1586564656, 7, 319, 354, 241, 0, 0.69%, 0, 0, 10, 254.71
1586564661, 7, 328, 354, 241, 0, 0.69%, 0, 0, 10, 258.87
1586564667, 7, 338, 354, 241, 0, 0.69%, 0, 0, 10, 263.13
1586564672, 8, 16, 354, 241, 0, 0.69%, 0, 0, 10, 290.17
1586564722, 8, 20, 354, 240, 0, 0.69%, 0, 0, 10, 280.24
1586564728, 8, 40, 354, 240, 0, 0.69%, 0, 0, 10, 295.62
1586564779, 8, 61, 354, 239, 0, 0.69%, 0, 0, 10, 289.35
1586564784, 8, 72, 354, 239, 0, 0.69%, 0, 0, 10, 270.94
1586564789, 8, 87, 354, 239, 0, 0.69%, 0, 0, 10, 282.22
1586564794, 8, 109, 354, 239, 0, 0.69%, 0, 0, 10, 278.66
1586564799, 8, 137, 354, 239, 0, 0.69%, 0, 0, 10, 283.86
1586564805, 8, 147, 354, 239, 0, 0.69%, 0, 0, 10, 314.60
1586564856, 8, 160, 354, 238, 0, 0.69%, 0, 0, 10, 275.60
1586564861, 8, 178, 354, 238, 0, 0.69%, 0, 0, 10, 270.78
1586564866, 8, 184, 354, 238, 0, 0.69%, 0, 0, 10, 277.92
1586564871, 8, 193, 354, 238, 0, 0.69%, 0, 0, 10, 279.08
1586564876, 8, 238, 354, 238, 0, 0.69%, 0, 0, 10, 277.55
1586564881, 8, 257, 354, 238, 0, 0.69%, 0, 0, 10, 284.83
1586564886, 8, 264, 354, 238, 0, 0.69%, 0, 0, 10, 300.00
1586564891, 8, 290, 354, 238, 0, 0.69%, 0, 0, 10, 292.41
1586564896, 8, 320, 354, 238, 0, 0.69%, 0, 0, 10, 285.48
1586564901, 8, 331, 354, 238, 0, 0.69%, 0, 0, 10, 280.51
1586564907, 9, 3, 354, 238, 0, 0.69%, 0, 0, 10, 269.98
1586564912, 9, 55, 354, 238, 0, 0.69%, 0, 0, 10, 273.67
1586564917, 9, 67, 354, 238, 0, 0.69%, 0, 0, 10, 278.83
1586564922, 9, 81, 356, 240, 1, 0.72%, 0, 0, 10, 275.55
1586564927, 9, 91, 356, 240, 1, 0.72%, 0, 0, 10, 287.77
1586564932, 9, 101, 356, 240, 1, 0.72%, 0, 0, 10, 300.90
1586564983, 9, 125, 356, 239, 1, 0.72%, 0, 0, 10, 282.94
1586564988, 9, 156, 356, 239, 1, 0.72%, 0, 0, 10, 281.83
1586564993, 9, 173, 356, 239, 1, 0.72%, 0, 0, 10, 284.05
1586564998, 9, 183, 356, 239, 1, 0.72%, 0, 0, 10, 284.61
1586565004, 9, 191, 356, 239, 1, 0.72%, 0, 0, 10, 279.30
1586565009, 9, 232, 356, 239, 1, 0.72%, 0, 0, 10, 287.67
1586565014, 9, 245, 356, 239, 1, 0.72%, 0, 0, 10, 286.99
1586565019, 9, 263, 356, 239, 1, 0.72%, 0, 0, 10, 288.29
1586565024, 9, 271, 356, 239, 1, 0.72%, 0, 0, 10, 282.47
1586565029, 9, 320, 356, 239, 1, 0.72%, 0, 0, 10, 281.43
1586565034, 9, 331, 356, 239, 1, 0.72%, 0, 0, 10, 271.78
1586565039, 9, 354, 358, 241, 1, 0.72%, 0, 0, 10, 304.80
1586565044, 9, 354, 363, 246, 1, 0.73%, 0, 0, 10, 322.55
1586565054, 9, 354, 366, 249, 1, 0.74%, 0, 0, 10, 321.26
1586565075, 9, 359, 367, 249, 1, 0.74%, 0, 0, 10, 322.02
1586565080, 9, 359, 368, 250, 1, 0.74%, 0, 0, 10, 328.46
1586565111, 9, 367, 369, 250, 1, 0.74%, 0, 0, 10, 294.72
1586565147, 9, 368, 372, 252, 1, 0.74%, 0, 0, 10, 316.71
1586565183, 9, 370, 374, 253, 1, 0.75%, 0, 0, 10, 278.62
1586565188, 9, 370, 376, 255, 1, 0.75%, 0, 0, 10, 309.45
1586565193, 9, 370, 377, 256, 1, 0.75%, 0, 0, 10, 321.09
1586565198, 9, 370, 379, 258, 1, 0.75%, 0, 0, 10, 327.19
1586565213, 9, 370, 380, 259, 1, 0.75%, 0, 0, 10, 314.09
1586565228, 9, 373, 381, 259, 2, 0.75%, 0, 0, 10, 321.85
1586565264, 9, 379, 381, 258, 1, 0.75%, 0, 0, 10, 295.43
1586565269, 9, 379, 384, 261, 1, 0.76%, 0, 0, 10, 308.88
1586565290, 9, 383, 386, 262, 1, 0.76%, 0, 0, 10, 306.88
1586565310, 10, 1, 386, 261, 0, 0.76%, 0, 0, 10, 289.86
1586565315, 10, 8, 386, 261, 0, 0.76%, 0, 0, 10, 308.31
1586565366, 10, 47, 386, 260, 0, 0.76%, 0, 0, 10, 299.88
1586565372, 10, 66, 386, 260, 0, 0.76%, 0, 0, 10, 289.92
1586565377, 10, 80, 387, 261, 0, 0.76%, 0, 0, 10, 285.35
1586565382, 10, 90, 387, 261, 0, 0.76%, 0, 0, 10, 289.02
1586565387, 10, 109, 387, 260, 0, 0.76%, 0, 0, 10, 293.20
1586565392, 10, 137, 387, 260, 0, 0.76%, 0, 0, 10, 288.72
1586565397, 10, 160, 387, 260, 0, 0.76%, 0, 0, 10, 283.50
1586565402, 10, 178, 387, 260, 0, 0.76%, 0, 0, 10, 283.79
1586565408, 10, 185, 387, 260, 0, 0.76%, 0, 0, 10, 279.67
1586565413, 10, 214, 387, 260, 0, 0.76%, 0, 0, 10, 293.79
1586565469, 10, 231, 387, 259, 0, 0.76%, 0, 0, 10, 308.38
1586565474, 10, 240, 388, 260, 0, 0.76%, 0, 0, 10, 292.94
1586565531, 10, 257, 388, 259, 0, 0.76%, 0, 0, 10, 290.42
1586565536, 10, 264, 388, 259, 0, 0.76%, 0, 0, 10, 278.62
1586565541, 10, 267, 388, 259, 0, 0.76%, 0, 0, 10, 312.76
1586565592, 10, 315, 388, 258, 0, 0.76%, 0, 0, 10, 293.45
1586565597, 10, 328, 388, 258, 0, 0.76%, 0, 0, 10, 286.87
1586565603, 10, 338, 388, 258, 0, 0.76%, 0, 0, 10, 281.07
1586565608, 10, 359, 388, 258, 0, 0.76%, 0, 0, 10, 290.83
1586565613, 10, 370, 388, 258, 0, 0.76%, 0, 0, 10, 295.15
1586565618, 10, 373, 388, 258, 0, 0.76%, 0, 0, 10, 300.91
1586565623, 10, 383, 388, 258, 0, 0.76%, 0, 0, 10, 299.82
1586565628, 10, 383, 389, 259, 0, 0.76%, 0, 0, 10, 276.90
1586565633, 11, 28, 389, 259, 0, 0.76%, 0, 0, 10, 279.44
1586565639, 11, 62, 389, 259, 0, 0.76%, 0, 0, 10, 284.37
1586565644, 11, 78, 389, 259, 0, 0.76%, 0, 0, 10, 283.02
1586565649, 11, 88, 389, 259, 0, 0.76%, 0, 0, 10, 281.50
1586565654, 11, 123, 389, 259, 0, 0.76%, 0, 0, 10, 283.03
1586565659, 11, 149, 389, 259, 0, 0.76%, 0, 0, 10, 284.15
1586565664, 11, 167, 389, 259, 0, 0.76%, 0, 0, 10, 271.51
1586565669, 11, 180, 389, 259, 0, 0.76%, 0, 0, 10, 277.04
1586565675, 11, 186, 389, 259, 0, 0.76%, 0, 0, 10, 277.53
1586565680, 11, 211, 389, 259, 0, 0.76%, 0, 0, 10, 302.74
1586565736, 11, 233, 389, 258, 0, 0.76%, 0, 0, 10, 283.64
1586565741, 11, 246, 389, 258, 0, 0.76%, 0, 0, 10, 273.10
1586565746, 11, 263, 389, 258, 0, 0.76%, 0, 0, 10, 276.09
1586565752, 11, 271, 389, 258, 0, 0.76%, 0, 0, 10, 282.81
1586565757, 11, 320, 389, 258, 0, 0.76%, 0, 0, 10, 280.03
1586565762, 11, 331, 389, 258, 0, 0.76%, 0, 0, 10, 286.01
1586565767, 11, 359, 389, 258, 0, 0.76%, 0, 0, 10, 285.89
1586565772, 11, 373, 389, 258, 0, 0.76%, 0, 0, 10, 280.56
1586565777, 11, 383, 389, 258, 0, 0.76%, 0, 0, 10, 286.15
1586565782, 12, 28, 389, 258, 0, 0.76%, 0, 0, 10, 277.52
1586565787, 12, 29, 389, 258, 0, 0.76%, 0, 0, 10, 316.22
1586565839, 12, 62, 389, 257, 0, 0.76%, 0, 0, 10, 288.65
1586565844, 12, 76, 389, 257, 0, 0.76%, 0, 0, 10, 290.21
1586565849, 12, 87, 389, 257, 0, 0.76%, 0, 0, 10, 289.69
1586565854, 12, 120, 389, 257, 0, 0.76%, 0, 0, 10, 288.55
1586565859, 12, 141, 389, 257, 0, 0.76%, 0, 0, 10, 278.96
1586565864, 12, 164, 389, 257, 0, 0.76%, 0, 0, 10, 277.02
1586565869, 12, 178, 389, 257, 0, 0.76%, 0, 0, 10, 271.05
1586565875, 12, 185, 390, 258, 1, 0.76%, 0, 0, 10, 277.73
1586565880, 12, 231, 391, 259, 1, 0.76%, 0, 0, 10, 269.81
1586565885, 12, 244, 391, 259, 1, 0.76%, 0, 0, 10, 279.11
1586565890, 12, 257, 391, 259, 1, 0.76%, 0, 0, 10, 284.46
1586565895, 12, 265, 391, 259, 1, 0.76%, 0, 0, 10, 283.13
1586565900, 12, 315, 391, 259, 1, 0.76%, 0, 0, 10, 279.26
1586565905, 12, 328, 391, 259, 1, 0.76%, 0, 0, 10, 272.46
1586565910, 12, 354, 391, 259, 1, 0.76%, 0, 0, 10, 285.92
1586565915, 12, 373, 391, 259, 1, 0.76%, 0, 0, 10, 289.21
1586565921, 12, 389, 391, 259, 1, 0.76%, 0, 0, 10, 311.96
1586565931, 12, 389, 392, 260, 1, 0.76%, 0, 0, 10, 302.11
1586565941, 13, 1, 392, 259, 0, 0.76%, 0, 0, 10, 286.28
1586565946, 13, 13, 392, 259, 0, 0.76%, 0, 0, 10, 310.44
1586565997, 13, 55, 392, 258, 0, 0.76%, 0, 0, 10, 302.30
1586566002, 13, 69, 392, 258, 0, 0.76%, 0, 0, 10, 298.33
1586566007, 13, 86, 392, 258, 0, 0.76%, 0, 0, 10, 292.43
1586566013, 13, 107, 392, 258, 0, 0.76%, 0, 0, 10, 282.88
1586566018, 13, 132, 392, 258, 0, 0.76%, 0, 0, 10, 283.40
1586566023, 13, 160, 392, 258, 0, 0.76%, 0, 0, 10, 280.74
1586566028, 13, 174, 392, 258, 0, 0.76%, 0, 0, 10, 282.21
1586566033, 13, 184, 392, 258, 0, 0.76%, 0, 0, 10, 278.09
1586566038, 13, 226, 392, 258, 0, 0.76%, 0, 0, 10, 282.36
1586566043, 13, 238, 392, 258, 0, 0.76%, 0, 0, 10, 273.96
1586566048, 13, 246, 392, 258, 0, 0.76%, 0, 0, 10, 282.62
1586566054, 13, 264, 392, 258, 0, 0.76%, 0, 0, 10, 285.09
1586566059, 13, 315, 392, 258, 0, 0.76%, 0, 0, 10, 285.26
1586566064, 13, 328, 392, 258, 0, 0.76%, 0, 0, 10, 285.60
1586566069, 13, 354, 392, 258, 0, 0.76%, 0, 0, 10, 286.39
1586566074, 13, 371, 392, 258, 0, 0.76%, 0, 0, 10, 288.26
1586566134, 13, 383, 392, 257, 0, 0.76%, 0, 0, 10, 0.94
1586566139, 14, 0, 392, 257, 0, 0.76%, 0, 0, 10, 277.62
1586566144, 14, 47, 392, 257, 0, 0.76%, 0, 0, 10, 269.40
1586566149, 14, 62, 392, 257, 0, 0.76%, 0, 0, 10, 251.67
1586566154, 14, 76, 392, 257, 0, 0.76%, 0, 0, 10, 253.62
1586566159, 14, 87, 392, 257, 0, 0.76%, 0, 0, 10, 277.67
1586566165, 14, 120, 392, 257, 0, 0.76%, 0, 0, 10, 290.28
1586566170, 14, 141, 392, 257, 0, 0.76%, 0, 0, 10, 282.63
1586566175, 14, 164, 392, 257, 0, 0.76%, 0, 0, 10, 285.66
1586566180, 14, 178, 392, 257, 0, 0.76%, 0, 0, 10, 280.07
1586566185, 14, 185, 392, 257, 0, 0.76%, 0, 0, 10, 251.26
1586566190, 14, 193, 392, 257, 0, 0.76%, 0, 0, 10, 257.20
1586566195, 14, 238, 392, 257, 0, 0.76%, 0, 0, 10, 288.56
1586566201, 14, 246, 392, 257, 0, 0.76%, 0, 0, 10, 242.87
1586566206, 14, 263, 392, 257, 0, 0.76%, 0, 0, 10, 262.98
1586566211, 14, 270, 392, 257, 0, 0.76%, 0, 0, 10, 244.64
1586566216, 14, 319, 392, 257, 0, 0.76%, 0, 0, 10, 268.18
1586566221, 14, 328, 392, 257, 0, 0.76%, 0, 0, 10, 271.96
1586566226, 14, 338, 392, 257, 0, 0.76%, 0, 0, 10, 268.53
1586566231, 14, 370, 392, 257, 0, 0.76%, 0, 0, 10, 251.07
1586566236, 14, 389, 392, 257, 0, 0.76%, 0, 0, 10, 249.26
1586566241, 15, 0, 392, 257, 0, 0.76%, 0, 0, 10, 248.29
1586566246, 15, 11, 392, 257, 0, 0.76%, 0, 0, 10, 324.62
1586566308, 15, 28, 392, 256, 0, 0.76%, 0, 0, 10, 254.64
1586566313, 15, 61, 392, 256, 0, 0.76%, 0, 0, 10, 246.11
1586566318, 15, 69, 392, 256, 0, 0.76%, 0, 0, 10, 244.91
1586566323, 15, 80, 392, 256, 0, 0.76%, 0, 0, 10, 242.14
1586566328, 15, 87, 392, 256, 0, 0.76%, 0, 0, 10, 189.48
1586566333, 15, 91, 392, 256, 0, 0.76%, 0, 0, 10, 228.12
1586566338, 15, 120, 392, 256, 0, 0.76%, 0, 0, 10, 261.29
1586566343, 15, 132, 392, 256, 0, 0.76%, 0, 0, 10, 221.32
1586566348, 15, 149, 392, 256, 0, 0.76%, 0, 0, 10, 255.31
1586566354, 15, 157, 392, 256, 0, 0.76%, 0, 0, 10, 210.81
1586566359, 15, 167, 392, 256, 0, 0.76%, 0, 0, 10, 200.02
1586566364, 15, 178, 392, 256, 0, 0.76%, 0, 0, 10, 241.44
1586566369, 15, 183, 392, 256, 0, 0.76%, 0, 0, 10, 234.93
1586566374, 15, 190, 392, 256, 0, 0.76%, 0, 0, 10, 275.86
1586566379, 15, 232, 392, 256, 0, 0.76%, 0, 0, 10, 240.40
1586566384, 15, 241, 393, 257, 0, 0.76%, 0, 0, 10, 284.16
1586566446, 15, 246, 394, 257, 0, 0.76%, 0, 0, 10, 268.46
1586566451, 15, 263, 394, 257, 0, 0.76%, 0, 0, 10, 261.07
1586566457, 15, 270, 394, 257, 0, 0.76%, 0, 0, 10, 248.13
1586566462, 15, 297, 394, 257, 0, 0.76%, 0, 0, 10, 307.91
1586566513, 15, 319, 394, 256, 0, 0.76%, 0, 0, 10, 290.63
1586566518, 15, 330, 394, 256, 0, 0.76%, 0, 0, 10, 281.71
1586566523, 15, 354, 394, 256, 0, 0.76%, 0, 0, 10, 276.89
1586566528, 15, 373, 394, 256, 0, 0.76%, 0, 0, 10, 273.51
1586566533, 16, 3, 395, 257, 0, 0.76%, 0, 0, 10, 268.92
1586566538, 16, 49, 395, 257, 0, 0.76%, 0, 0, 10, 265.28
1586566544, 16, 67, 395, 257, 0, 0.76%, 0, 0, 10, 274.82
1586566549, 16, 81, 395, 257, 0, 0.76%, 0, 0, 10, 278.53
1586566554, 16, 91, 395, 257, 0, 0.76%, 0, 0, 10, 277.42
1586566559, 16, 125, 395, 257, 0, 0.76%, 0, 0, 10, 276.65
1586566564, 16, 156, 395, 257, 0, 0.76%, 0, 0, 10, 277.82
1586566569, 16, 173, 395, 257, 0, 0.76%, 0, 0, 10, 279.33
1586566574, 16, 183, 395, 257, 0, 0.76%, 0, 0, 10, 280.23
1586566580, 16, 191, 395, 257, 0, 0.76%, 0, 0, 10, 276.83
1586566585, 16, 225, 395, 257, 0, 0.76%, 0, 0, 10, 307.08
1586566644, 16, 232, 395, 256, 0, 0.76%, 0, 0, 10, 302.75
1586566649, 16, 245, 395, 256, 0, 0.76%, 0, 0, 10, 293.20
1586566654, 16, 258, 395, 256, 0, 0.76%, 0, 0, 10, 278.09
1586566659, 16, 270, 396, 257, 0, 0.76%, 0, 0, 10, 271.51
1586566665, 16, 320, 396, 257, 0, 0.76%, 0, 0, 10, 272.27
1586566670, 16, 331, 396, 257, 0, 0.76%, 0, 0, 10, 286.80
1586566695, 16, 367, 396, 257, 0, 0.76%, 0, 0, 10, 2.12
1586566700, 16, 383, 396, 257, 0, 0.76%, 0, 0, 10, 287.11
1586566705, 17, 20, 396, 257, 0, 0.76%, 0, 0, 10, 278.88
1586566710, 17, 61, 396, 257, 0, 0.76%, 0, 0, 10, 278.08
1586566716, 17, 76, 396, 257, 0, 0.76%, 0, 0, 10, 281.36
1586566721, 17, 87, 396, 257, 0, 0.76%, 0, 0, 10, 257.49
1586566726, 17, 109, 396, 257, 0, 0.76%, 0, 0, 10, 259.19
1586566731, 17, 132, 396, 257, 0, 0.76%, 0, 0, 10, 272.35
1586566736, 17, 153, 396, 257, 0, 0.76%, 0, 0, 10, 293.50
1586566788, 17, 156, 396, 256, 0, 0.76%, 0, 0, 10, 303.17
1586566793, 17, 169, 397, 257, 0, 0.76%, 0, 0, 10, 301.27
1586566814, 17, 178, 397, 256, 0, 0.76%, 0, 0, 10, 294.91
1586566819, 17, 185, 397, 256, 0, 0.76%, 0, 0, 10, 280.54
1586566824, 17, 231, 397, 256, 0, 0.76%, 0, 0, 10, 271.76
1586566829, 17, 238, 397, 256, 0, 0.76%, 0, 0, 10, 278.06
1586566834, 17, 257, 397, 256, 0, 0.76%, 0, 0, 10, 279.98
1586566839, 17, 265, 397, 256, 0, 0.76%, 0, 0, 10, 276.93
1586566844, 17, 273, 397, 256, 0, 0.76%, 0, 0, 10, 303.73
1586566895, 17, 300, 397, 255, 0, 0.76%, 0, 0, 10, 290.25
1586566900, 17, 320, 397, 255, 0, 0.76%, 0, 0, 10, 291.95
1586566905, 17, 335, 397, 255, 0, 0.76%, 0, 0, 10, 292.80
1586566910, 17, 367, 397, 255, 0, 0.76%, 0, 0, 10, 282.83
1586566916, 17, 375, 397, 255, 0, 0.76%, 0, 0, 10, 301.84
1586566975, 17, 383, 397, 254, 0, 0.76%, 0, 0, 10, 286.78
1586566980, 18, 20, 397, 254, 0, 0.76%, 0, 0, 10, 273.32
1586566985, 18, 55, 397, 254, 0, 0.76%, 0, 0, 10, 279.74
1586566990, 18, 72, 397, 254, 0, 0.76%, 0, 0, 10, 286.15
1586566996, 18, 87, 397, 254, 0, 0.76%, 0, 0, 10, 276.00
1586567001, 18, 109, 397, 254, 0, 0.76%, 0, 0, 10, 281.68
1586567006, 18, 137, 397, 254, 0, 0.76%, 0, 0, 10, 290.25
1586567011, 18, 160, 397, 254, 0, 0.76%, 0, 0, 10, 284.29
1586567016, 18, 178, 397, 254, 0, 0.76%, 0, 0, 10, 284.75
1586567021, 18, 184, 397, 254, 0, 0.76%, 0, 0, 10, 283.53
1586567027, 18, 200, 397, 254, 0, 0.76%, 0, 0, 10, 285.95
1586567083, 18, 231, 397, 253, 0, 0.76%, 0, 0, 10, 293.57
1586567088, 18, 244, 397, 253, 0, 0.76%, 0, 0, 10, 287.63
1586567093, 18, 257, 397, 253, 0, 0.76%, 0, 0, 10, 279.79
1586567098, 18, 265, 397, 253, 0, 0.76%, 0, 0, 10, 285.67
1586567103, 18, 319, 397, 253, 0, 0.76%, 0, 0, 10, 284.81
1586567108, 18, 331, 397, 253, 0, 0.76%, 0, 0, 10, 286.77
1586567114, 18, 359, 397, 253, 0, 0.76%, 0, 0, 10, 285.41
1586567119, 18, 383, 397, 253, 0, 0.76%, 0, 0, 10, 284.87
1586567124, 19, 28, 397, 253, 0, 0.76%, 0, 0, 10, 281.23
1586567129, 19, 57, 397, 253, 0, 0.76%, 0, 0, 10, 289.98
1586567186, 19, 62, 397, 252, 0, 0.76%, 0, 0, 10, 295.94
1586567191, 19, 76, 397, 252, 0, 0.76%, 0, 0, 10, 279.67
1586567196, 19, 87, 397, 252, 0, 0.76%, 0, 0, 10, 269.56
1586567201, 19, 109, 397, 252, 0, 0.76%, 0, 0, 10, 275.82
1586567206, 19, 137, 397, 252, 0, 0.76%, 0, 0, 10, 274.93
1586567211, 19, 164, 397, 252, 0, 0.76%, 0, 0, 10, 285.63
1586567216, 19, 178, 398, 253, 0, 0.76%, 0, 0, 10, 264.66
1586567221, 19, 185, 398, 253, 0, 0.76%, 0, 0, 10, 278.26
1586567227, 19, 231, 398, 253, 0, 0.76%, 0, 0, 10, 281.61
1586567232, 19, 244, 398, 253, 0, 0.76%, 0, 0, 10, 283.77
1586567237, 19, 257, 399, 254, 0, 0.76%, 0, 0, 10, 265.97
1586567242, 19, 264, 399, 254, 0, 0.76%, 0, 0, 10, 251.30
1586567247, 19, 311, 399, 254, 0, 0.76%, 0, 0, 10, 262.32
1586567252, 19, 328, 399, 254, 0, 0.76%, 0, 0, 10, 275.15
1586567257, 19, 338, 399, 254, 0, 0.76%, 0, 0, 10, 272.48
1586567262, 19, 370, 399, 254, 0, 0.76%, 0, 0, 10, 292.79
1586567267, 19, 389, 399, 254, 0, 0.76%, 0, 0, 10, 273.46
1586567273, 19, 397, 402, 257, 0, 0.76%, 0, 0, 10, 296.49
1586567283, 19, 397, 404, 259, 0, 0.76%, 0, 0, 10, 302.38
1586567288, 19, 397, 407, 262, 0, 0.76%, 0, 0, 10, 298.44
1586567298, 19, 397, 408, 263, 0, 0.76%, 0, 0, 10, 292.71
1586567308, 20, 3, 408, 262, 0, 0.76%, 0, 0, 10, 279.24
1586567314, 20, 23, 408, 262, 0, 0.76%, 0, 0, 10, 307.91
1586567365, 20, 55, 408, 261, 0, 0.76%, 0, 0, 10, 283.97
1586567370, 20, 69, 408, 261, 0, 0.76%, 0, 0, 10, 282.25
1586567375, 20, 86, 408, 261, 0, 0.76%, 0, 0, 10, 283.83
1586567380, 20, 109, 408, 261, 0, 0.76%, 0, 0, 10, 286.60
1586567386, 20, 137, 408, 261, 0, 0.76%, 0, 0, 10, 289.60
1586567391, 20, 164, 408, 261, 0, 0.76%, 0, 0, 10, 290.18
1586567396, 20, 178, 408, 261, 0, 0.76%, 0, 0, 10, 288.69
1586567401, 20, 185, 408, 261, 0, 0.76%, 0, 0, 10, 282.76
1586567406, 20, 223, 408, 261, 0, 0.76%, 0, 0, 10, 294.46
1586567462, 20, 233, 408, 260, 0, 0.76%, 0, 0, 10, 293.27
1586567468, 20, 245, 408, 260, 0, 0.76%, 0, 0, 10, 289.74
1586567473, 20, 263, 408, 260, 0, 0.76%, 0, 0, 10, 288.58
1586567478, 20, 271, 408, 260, 0, 0.76%, 0, 0, 10, 283.65
1586567483, 20, 310, 409, 261, 0, 0.76%, 0, 0, 10, 312.73
1586567534, 20, 319, 409, 260, 0, 0.76%, 0, 0, 10, 286.20
1586567540, 20, 330, 409, 260, 0, 0.76%, 0, 0, 10, 280.48
1586567545, 20, 354, 409, 260, 0, 0.76%, 0, 0, 10, 278.39
1586567550, 20, 373, 409, 260, 0, 0.76%, 0, 0, 10, 284.64
1586567555, 20, 404, 409, 260, 0, 0.76%, 0, 0, 10, 315.64
1586567585, 21, 28, 409, 259, 0, 0.76%, 0, 0, 10, 282.27
1586567590, 21, 37, 409, 259, 0, 0.76%, 0, 0, 10, 298.97
1586567642, 21, 55, 409, 258, 0, 0.76%, 0, 0, 10, 283.75
1586567647, 21, 69, 409, 258, 0, 0.76%, 0, 0, 10, 275.97
1586567652, 21, 81, 409, 258, 0, 0.76%, 0, 0, 10, 279.04
1586567657, 21, 107, 409, 258, 0, 0.76%, 0, 0, 10, 284.23
1586567662, 21, 123, 417, 266, 0, 0.76%, 0, 0, 10, 290.33
1586567667, 21, 149, 417, 266, 0, 0.76%, 0, 0, 10, 282.91
1586567673, 21, 167, 417, 266, 0, 0.76%, 0, 0, 10, 285.54
1586567678, 21, 180, 417, 266, 0, 0.76%, 0, 0, 10, 274.23
1586567683, 21, 186, 417, 266, 0, 0.76%, 0, 0, 10, 294.50
1586567688, 21, 231, 417, 266, 0, 0.76%, 0, 0, 10, 279.86
1586567693, 21, 244, 417, 266, 0, 0.76%, 0, 0, 10, 272.37
1586567698, 21, 257, 417, 266, 0, 0.76%, 0, 0, 10, 289.43
1586567703, 21, 265, 417, 266, 0, 0.76%, 0, 0, 10, 282.68
1586567708, 21, 315, 417, 266, 0, 0.76%, 0, 0, 10, 255.84
1586567713, 21, 330, 417, 266, 0, 0.76%, 0, 0, 10, 265.23
1586567719, 21, 350, 417, 266, 0, 0.76%, 0, 0, 10, 280.00
1586567729, 21, 354, 417, 265, 0, 0.76%, 0, 0, 10, 271.06
1586567734, 21, 373, 417, 265, 0, 0.76%, 0, 0, 10, 272.74
1586567739, 22, 1, 417, 265, 0, 0.76%, 0, 0, 10, 258.76
1586567744, 22, 47, 417, 265, 0, 0.76%, 0, 0, 10, 256.38
1586567749, 22, 62, 417, 265, 0, 0.76%, 0, 0, 10, 250.67
1586567754, 22, 76, 417, 265, 0, 0.76%, 0, 0, 10, 259.15
1586567760, 22, 85, 417, 265, 0, 0.76%, 0, 0, 10, 282.01
1586567811, 22, 86, 417, 264, 0, 0.76%, 0, 0, 10, 294.99
1586567816, 22, 95, 417, 264, 0, 0.76%, 0, 0, 10, 297.98
1586567826, 22, 109, 417, 263, 0, 0.76%, 0, 0, 10, 288.72
1586567832, 22, 137, 417, 263, 0, 0.76%, 0, 0, 10, 287.49
1586567837, 22, 160, 417, 263, 0, 0.76%, 0, 0, 10, 284.33
1586567842, 22, 178, 417, 263, 0, 0.76%, 0, 0, 10, 286.41
1586567847, 22, 185, 417, 263, 0, 0.76%, 0, 0, 10, 289.34
1586567852, 22, 231, 417, 263, 0, 0.76%, 0, 0, 10, 283.82
1586567857, 22, 244, 417, 263, 0, 0.76%, 0, 0, 10, 286.33
1586567862, 22, 258, 417, 263, 0, 0.76%, 0, 0, 10, 285.68
1586567867, 22, 270, 417, 263, 0, 0.76%, 0, 0, 10, 287.57
1586567873, 22, 280, 417, 263, 0, 0.76%, 0, 0, 10, 310.44
1586567898, 22, 311, 417, 262, 0, 0.76%, 0, 0, 10, 298.16
1586567904, 22, 327, 417, 262, 0, 0.76%, 0, 0, 10, 282.42
1586567909, 22, 338, 417, 262, 0, 0.76%, 0, 0, 10, 279.94
1586567914, 22, 370, 417, 262, 0, 0.76%, 0, 0, 10, 285.03
1586567919, 22, 376, 417, 262, 0, 0.76%, 0, 0, 10, 304.64
1586567960, 22, 383, 417, 261, 0, 0.76%, 0, 0, 10, 276.43
1586567966, 23, 3, 417, 261, 0, 0.76%, 0, 0, 10, 275.42
1586567971, 23, 4, 417, 261, 0, 0.76%, 0, 0, 10, 315.13
1586568022, 23, 28, 417, 260, 0, 0.76%, 0, 0, 10, 275.08
1586568027, 23, 35, 417, 260, 0, 0.76%, 0, 0, 10, 305.60
1586568083, 23, 40, 417, 259, 0, 0.76%, 0, 0, 10, 277.68
1586568088, 23, 61, 417, 259, 0, 0.76%, 0, 0, 10, 259.62
1586568093, 23, 69, 417, 259, 0, 0.76%, 0, 0, 10, 241.12
1586568098, 23, 81, 417, 259, 0, 0.76%, 0, 0, 10, 245.18
1586568103, 23, 91, 417, 259, 0, 0.76%, 0, 0, 10, 232.75
1586568109, 23, 123, 417, 259, 0, 0.76%, 0, 0, 10, 269.51
1586568114, 23, 141, 417, 259, 0, 0.76%, 0, 0, 10, 243.71
1586568119, 23, 160, 417, 259, 0, 0.76%, 0, 0, 10, 232.55
1586568124, 23, 173, 418, 260, 0, 0.76%, 0, 0, 10, 226.07
1586568129, 23, 180, 418, 260, 0, 0.76%, 0, 0, 10, 229.44
1586568134, 23, 184, 418, 260, 0, 0.76%, 0, 0, 10, 191.72
1586568139, 23, 190, 418, 260, 0, 0.76%, 0, 0, 10, 185.66
1586568145, 23, 193, 418, 260, 0, 0.76%, 0, 0, 10, 184.45
1586568150, 23, 232, 418, 260, 0, 0.76%, 0, 0, 10, 23.67
1586568155, 23, 244, 418, 260, 0, 0.76%, 0, 0, 10, 206.11
1586568160, 23, 246, 418, 260, 0, 0.76%, 0, 0, 10, 239.72
1586568166, 23, 258, 418, 260, 0, 0.76%, 0, 0, 10, 251.13
1586568171, 23, 264, 418, 260, 0, 0.76%, 0, 0, 10, 257.19
1586568176, 23, 311, 418, 260, 0, 0.76%, 0, 0, 10, 278.56
1586568198, 23, 315, 418, 260, 0, 0.76%, 0, 0, 10, 0.25
1586568204, 23, 330, 418, 260, 0, 0.76%, 0, 0, 10, 282.91
1586568209, 23, 338, 418, 260, 0, 0.76%, 0, 0, 10, 267.37
1586568214, 23, 370, 418, 260, 0, 0.76%, 0, 0, 10, 266.70
1586568219, 23, 412, 418, 260, 0, 0.76%, 0, 0, 10, 278.69
1586568224, 23, 412, 419, 261, 0, 0.76%, 0, 0, 10, 290.68
1586568245, 24, 1, 419, 260, 0, 0.76%, 0, 0, 10, 251.67
1586568250, 24, 47, 419, 260, 0, 0.76%, 0, 0, 10, 280.91
1586568255, 24, 62, 419, 260, 0, 0.76%, 0, 0, 10, 274.39
1586568260, 24, 70, 419, 260, 0, 0.76%, 0, 0, 10, 272.02
1586568311, 24, 76, 419, 259, 0, 0.76%, 0, 0, 10, 310.11
1586568316, 24, 87, 419, 259, 0, 0.76%, 0, 0, 10, 283.99
1586568321, 24, 120, 419, 259, 0, 0.76%, 0, 0, 10, 284.77
1586568326, 24, 141, 419, 259, 0, 0.76%, 0, 0, 10, 279.33
1586568331, 24, 142, 419, 259, 0, 0.76%, 0, 0, 10, 309.14
1586568336, 24, 164, 419, 258, 0, 0.76%, 0, 0, 10, 289.47
1586568341, 24, 178, 419, 258, 0, 0.76%, 0, 0, 10, 288.07
1586568346, 24, 185, 420, 259, 0, 0.76%, 0, 0, 10, 274.20
1586568351, 24, 231, 420, 259, 0, 0.76%, 0, 0, 10, 284.86
1586568356, 24, 244, 420, 259, 0, 0.76%, 0, 0, 10, 278.88
1586568361, 24, 258, 420, 259, 0, 0.76%, 0, 0, 10, 289.30
1586568367, 24, 270, 420, 259, 0, 0.76%, 0, 0, 10, 289.12
1586568372, 24, 319, 420, 259, 0, 0.76%, 0, 0, 10, 287.84
1586568377, 24, 330, 420, 259, 0, 0.76%, 0, 0, 10, 289.32
1586568382, 24, 354, 420, 259, 0, 0.76%, 0, 0, 10, 279.80
1586568387, 24, 365, 420, 259, 0, 0.76%, 0, 0, 10, 313.95
1586568423, 24, 373, 420, 258, 0, 0.76%, 0, 0, 10, 277.67
1586568428, 24, 402, 420, 258, 0, 0.76%, 0, 0, 10, 296.85
1586568433, 24, 402, 421, 259, 0, 0.76%, 0, 0, 10, 312.88
1586568484, 24, 402, 422, 260, 0, 0.76%, 0, 0, 10, 305.71
1586568495, 25, 20, 422, 259, 0, 0.76%, 0, 0, 10, 292.43
1586568500, 25, 61, 422, 259, 0, 0.76%, 0, 0, 10, 292.25
1586568505, 25, 72, 422, 259, 0, 0.76%, 0, 0, 10, 288.66
1586568510, 25, 87, 422, 259, 0, 0.76%, 0, 0, 10, 280.61
1586568515, 25, 120, 422, 259, 0, 0.76%, 0, 0, 10, 282.58
1586568520, 25, 141, 422, 259, 0, 0.76%, 0, 0, 10, 282.44
1586568526, 25, 164, 422, 259, 0, 0.76%, 0, 0, 10, 275.39
1586568531, 25, 180, 422, 259, 0, 0.76%, 0, 0, 10, 276.98
1586568536, 25, 186, 423, 260, 0, 0.76%, 0, 0, 10, 279.40
1586568541, 25, 232, 423, 260, 0, 0.76%, 0, 0, 10, 280.62
1586568546, 25, 245, 423, 260, 0, 0.76%, 0, 0, 10, 282.09
1586568551, 25, 258, 424, 261, 0, 0.76%, 0, 0, 10, 278.00
1586568556, 25, 270, 424, 261, 0, 0.76%, 0, 0, 10, 285.56
1586568561, 25, 319, 424, 261, 0, 0.76%, 0, 0, 10, 278.53
1586568566, 25, 330, 424, 261, 0, 0.76%, 0, 0, 10, 279.96
1586568572, 25, 359, 424, 261, 0, 0.76%, 0, 0, 10, 294.66
1586568577, 25, 383, 424, 261, 0, 0.76%, 0, 0, 10, 290.29
1586568582, 26, 20, 424, 261, 0, 0.76%, 0, 0, 10, 282.64
1586568587, 26, 61, 424, 261, 0, 0.76%, 0, 0, 10, 288.04
1586568592, 26, 72, 424, 261, 0, 0.76%, 0, 0, 10, 287.42
1586568597, 26, 87, 424, 261, 0, 0.76%, 0, 0, 10, 285.38
1586568603, 26, 109, 424, 261, 0, 0.76%, 0, 0, 10, 266.98
1586568608, 26, 137, 424, 261, 0, 0.76%, 0, 0, 10, 277.60
1586568613, 26, 160, 424, 261, 0, 0.76%, 0, 0, 10, 273.95
1586568618, 26, 174, 424, 261, 0, 0.76%, 0, 0, 10, 278.20
1586568623, 26, 184, 424, 261, 0, 0.76%, 0, 0, 10, 278.88
1586568628, 26, 193, 424, 261, 0, 0.76%, 0, 0, 10, 278.75
1586568633, 26, 199, 424, 261, 0, 0.76%, 0, 0, 10, 303.55
1586568680, 26, 213, 424, 260, 0, 0.76%, 0, 0, 10, 305.15
1586568685, 26, 238, 424, 260, 0, 0.76%, 0, 0, 10, 273.39
1586568690, 26, 257, 424, 260, 0, 0.76%, 0, 0, 10, 282.92
1586568695, 26, 264, 424, 260, 0, 0.76%, 0, 0, 10, 273.08
1586568700, 26, 315, 424, 260, 0, 0.76%, 0, 0, 10, 282.17
1586568705, 26, 330, 424, 260, 0, 0.76%, 0, 0, 10, 282.02
1586568711, 26, 338, 424, 260, 0, 0.76%, 0, 0, 10, 261.96
1586568716, 26, 373, 424, 260, 0, 0.76%, 0, 0, 10, 281.05
1586568721, 27, 1, 424, 260, 0, 0.76%, 0, 0, 10, 278.40
1586568726, 27, 49, 424, 260, 0, 0.76%, 0, 0, 10, 284.13
1586568731, 27, 67, 424, 260, 0, 0.76%, 0, 0, 10, 272.32
1586568736, 27, 81, 424, 260, 0, 0.76%, 0, 0, 10, 287.03
1586568741, 27, 107, 424, 260, 0, 0.76%, 0, 0, 10, 293.95
1586568747, 27, 132, 424, 260, 0, 0.76%, 0, 0, 10, 295.39
1586568752, 27, 157, 424, 260, 0, 0.76%, 0, 0, 10, 293.68
1586568757, 27, 174, 424, 260, 0, 0.76%, 0, 0, 10, 273.02
1586568762, 27, 183, 424, 260, 0, 0.76%, 0, 0, 10, 272.00
1586568767, 27, 191, 424, 260, 0, 0.76%, 0, 0, 10, 275.57
1586568772, 27, 238, 424, 260, 0, 0.76%, 0, 0, 10, 281.99
1586568777, 27, 246, 424, 260, 0, 0.76%, 0, 0, 10, 282.80
1586568782, 27, 264, 424, 260, 0, 0.76%, 0, 0, 10, 278.80
1586568788, 27, 308, 424, 260, 0, 0.76%, 0, 0, 10, 286.73
1586568803, 27, 311, 424, 259, 0, 0.76%, 0, 0, 10, 297.67
1586568808, 27, 327, 424, 259, 0, 0.76%, 0, 0, 10, 287.07
1586568813, 27, 338, 424, 259, 0, 0.76%, 0, 0, 10, 290.34
1586568818, 27, 370, 424, 259, 0, 0.76%, 0, 0, 10, 286.18
1586568824, 28, 0, 424, 259, 0, 0.76%, 0, 0, 10, 280.51
1586568829, 28, 47, 424, 259, 0, 0.76%, 0, 0, 10, 281.42
1586568834, 28, 64, 424, 259, 0, 0.76%, 0, 0, 10, 282.41
1586568890, 28, 80, 424, 258, 0, 0.76%, 0, 0, 10, 287.97
1586568895, 28, 90, 424, 258, 0, 0.76%, 0, 0, 10, 284.63
1586568920, 28, 120, 424, 258, 0, 0.76%, 0, 0, 10, 1.33
1586568926, 28, 141, 424, 258, 0, 0.76%, 0, 0, 10, 278.61
1586568931, 28, 164, 424, 258, 0, 0.76%, 0, 0, 10, 282.41
1586568936, 28, 180, 424, 258, 0, 0.76%, 0, 0, 10, 289.28
1586568941, 28, 190, 424, 258, 0, 0.76%, 0, 0, 10, 287.72
1586568946, 28, 232, 424, 258, 0, 0.76%, 0, 0, 10, 288.63
1586568951, 28, 245, 424, 258, 0, 0.76%, 0, 0, 10, 290.01
1586568957, 28, 258, 424, 258, 0, 0.76%, 0, 0, 10, 291.07
1586568962, 28, 270, 424, 258, 0, 0.76%, 0, 0, 10, 226.08
1586568967, 28, 320, 424, 258, 0, 0.76%, 0, 0, 10, 275.22
1586568972, 28, 331, 424, 258, 0, 0.76%, 0, 0, 10, 280.35
1586568977, 28, 367, 424, 258, 0, 0.76%, 0, 0, 10, 288.80
1586568982, 28, 383, 424, 258, 0, 0.76%, 0, 0, 10, 283.63
1586568987, 29, 28, 424, 258, 0, 0.76%, 0, 0, 10, 280.29
1586568992, 29, 46, 424, 258, 0, 0.76%, 0, 0, 10, 304.23
1586569043, 29, 47, 424, 257, 0, 0.76%, 0, 0, 10, 251.85
1586569049, 29, 62, 424, 257, 0, 0.76%, 0, 0, 10, 83.02
1586569054, 29, 78, 424, 257, 0, 0.76%, 0, 0, 10, 243.80
1586569059, 29, 88, 424, 257, 0, 0.76%, 0, 0, 10, 273.05
1586569064, 29, 120, 424, 257, 0, 0.76%, 0, 0, 10, 281.06
1586569069, 29, 149, 424, 257, 0, 0.76%, 0, 0, 10, 276.93
1586569074, 29, 167, 424, 257, 0, 0.76%, 0, 0, 10, 281.25
1586569079, 29, 180, 424, 257, 0, 0.76%, 0, 0, 10, 286.59
1586569085, 29, 186, 426, 259, 0, 0.76%, 0, 0, 10, 286.82
1586569090, 29, 232, 426, 259, 0, 0.76%, 0, 0, 10, 286.81
1586569095, 29, 245, 426, 259, 0, 0.76%, 0, 0, 10, 285.66
1586569100, 29, 264, 426, 259, 0, 0.76%, 0, 0, 10, 285.39
1586569105, 29, 311, 426, 259, 0, 0.76%, 0, 0, 10, 286.98
1586569110, 29, 327, 426, 259, 0, 0.76%, 0, 0, 10, 285.14
1586569116, 29, 338, 426, 259, 0, 0.76%, 0, 0, 10, 285.80
1586569121, 29, 370, 426, 259, 0, 0.76%, 0, 0, 10, 285.70
1586569126, 29, 378, 426, 259, 0, 0.76%, 0, 0, 10, 323.49
1586569141, 29, 378, 427, 260, 0, 0.76%, 0, 0, 10, 321.54
1586569167, 30, 1, 427, 259, 0, 0.76%, 0, 0, 10, 277.49
1586569172, 30, 43, 427, 259, 0, 0.76%, 0, 0, 10, 282.96
1586569228, 30, 62, 427, 258, 0, 0.76%, 0, 0, 10, 285.15
1586569233, 30, 76, 427, 258, 0, 0.76%, 0, 0, 10, 277.06
1586569238, 30, 87, 427, 258, 0, 0.76%, 0, 0, 10, 269.65
1586569243, 30, 120, 427, 258, 0, 0.76%, 0, 0, 10, 273.71
1586569248, 30, 139, 427, 258, 0, 0.76%, 0, 0, 10, 292.76
1586569300, 30, 149, 427, 257, 0, 0.76%, 0, 0, 10, 299.80
1586569305, 30, 150, 427, 257, 0, 0.76%, 0, 0, 10, 321.39
1586569351, 30, 156, 427, 256, 0, 0.76%, 0, 0, 10, 297.54
1586569356, 30, 173, 427, 256, 0, 0.76%, 0, 0, 10, 287.24
1586569361, 30, 183, 427, 256, 0, 0.76%, 0, 0, 10, 285.42
1586569367, 30, 191, 427, 256, 0, 0.76%, 0, 0, 10, 285.28
1586569372, 30, 206, 427, 256, 0, 0.76%, 0, 0, 10, 310.13
1586569423, 30, 238, 427, 255, 0, 0.76%, 0, 0, 10, 290.22
1586569428, 30, 257, 427, 255, 0, 0.76%, 0, 0, 10, 287.41
1586569433, 30, 265, 427, 255, 0, 0.76%, 0, 0, 10, 283.27
1586569438, 30, 319, 427, 255, 0, 0.76%, 0, 0, 10, 282.98
1586569443, 30, 330, 427, 255, 0, 0.76%, 0, 0, 10, 285.05
1586569448, 30, 359, 427, 255, 0, 0.76%, 0, 0, 10, 285.71
1586569454, 30, 383, 427, 255, 0, 0.76%, 0, 0, 10, 285.86
1586569459, 31, 3, 427, 255, 0, 0.76%, 0, 0, 10, 281.58
1586569464, 31, 55, 427, 255, 0, 0.76%, 0, 0, 10, 286.56
1586569469, 31, 69, 427, 255, 0, 0.76%, 0, 0, 10, 277.97
1586569474, 31, 86, 427, 255, 0, 0.76%, 0, 0, 10, 280.29
1586569479, 31, 107, 428, 256, 0, 0.76%, 0, 0, 10, 277.73
1586569484, 31, 132, 428, 256, 0, 0.76%, 0, 0, 10, 280.16
1586569489, 31, 157, 428, 256, 0, 0.76%, 0, 0, 10, 280.39
1586569494, 31, 174, 428, 256, 0, 0.76%, 0, 0, 10, 273.29
1586569499, 31, 183, 428, 256, 0, 0.76%, 0, 0, 10, 277.01
1586569505, 31, 191, 428, 256, 0, 0.76%, 0, 0, 10, 270.53
1586569510, 31, 233, 428, 256, 0, 0.76%, 0, 0, 10, 265.47
1586569515, 31, 245, 428, 256, 0, 0.76%, 0, 0, 10, 265.49
1586569520, 31, 264, 428, 256, 0, 0.76%, 0, 0, 10, 282.85
1586569525, 31, 311, 428, 256, 0, 0.76%, 0, 0, 10, 284.74
1586569531, 31, 328, 428, 256, 0, 0.76%, 0, 0, 10, 287.80
1586569536, 31, 338, 428, 256, 0, 0.76%, 0, 0, 10, 293.04
1586569541, 31, 373, 428, 256, 0, 0.76%, 0, 0, 10, 280.90
1586569546, 31, 388, 429, 257, 0, 0.76%, 0, 0, 11, 306.99
1586569551, 31, 388, 430, 258, 0, 0.76%, 0, 0, 11, 308.69
1586569587, 31, 388, 431, 259, 0, 0.76%, 0, 0, 11, 297.82
1586569592, 31, 388, 434, 262, 0, 0.76%, 0, 0, 11, 297.45
1586569607, 31, 415, 434, 261, 0, 0.76%, 0, 0, 11, 299.72
1586569664, 32, 20, 434, 260, 0, 0.76%, 0, 0, 11, 279.32
1586569669, 32, 55, 434, 260, 0, 0.76%, 0, 0, 11, 282.03
1586569674, 32, 65, 434, 260, 0, 0.76%, 0, 0, 11, 306.79
1586569725, 32, 69, 434, 259, 0, 0.76%, 0, 0, 11, 266.75
1586569730, 32, 81, 434, 259, 0, 0.76%, 0, 0, 11, 242.96
1586569735, 32, 91, 434, 259, 0, 0.76%, 0, 0, 11, 257.05
1586569740, 32, 123, 434, 259, 0, 0.76%, 0, 0, 11, 273.63
1586569745, 32, 141, 434, 259, 0, 0.76%, 0, 0, 11, 242.35
1586569750, 32, 160, 434, 259, 0, 0.76%, 0, 0, 11, 240.65
1586569755, 32, 166, 434, 259, 0, 0.76%, 0, 0, 11, 267.20
1586569812, 32, 178, 434, 258, 0, 0.76%, 0, 0, 11, 253.15
1586569817, 32, 184, 434, 258, 0, 0.76%, 0, 0, 11, 248.06
1586569822, 32, 191, 434, 258, 0, 0.76%, 0, 0, 11, 237.44
1586569827, 32, 233, 434, 258, 0, 0.76%, 0, 0, 11, 283.60
1586569832, 32, 245, 434, 258, 0, 0.76%, 0, 0, 11, 254.78
1586569837, 32, 258, 434, 258, 0, 0.76%, 0, 0, 11, 259.59
1586569842, 32, 265, 434, 258, 0, 0.76%, 0, 0, 11, 244.65
1586569847, 32, 315, 434, 258, 0, 0.76%, 0, 0, 11, 241.33
1586569852, 32, 321, 435, 259, 0, 0.76%, 0, 0, 11, 259.16
1586569918, 32, 338, 435, 258, 1, 0.76%, 0, 0, 11, 294.17
1586569923, 32, 367, 435, 258, 1, 0.76%, 0, 0, 11, 256.79
1586569929, 32, 373, 435, 258, 1, 0.76%, 0, 0, 11, 221.99
1586569934, 32, 389, 435, 258, 1, 0.76%, 0, 0, 11, 259.48
1586569939, 32, 410, 435, 258, 1, 0.76%, 0, 0, 11, 214.94
1586570024, 32, 434, 435, 257, 1, 0.76%, 0, 0, 11, 280.40
1586570090, 33, 1, 435, 256, 0, 0.76%, 0, 0, 11, 292.02
1586570096, 33, 49, 435, 256, 0, 0.76%, 0, 0, 11, 286.11
1586570101, 33, 67, 435, 256, 0, 0.76%, 0, 0, 11, 284.09
1586570106, 33, 81, 435, 256, 0, 0.76%, 0, 0, 11, 278.08
1586570111, 33, 107, 435, 256, 0, 0.76%, 0, 0, 11, 278.03
1586570116, 33, 125, 435, 256, 0, 0.76%, 0, 0, 11, 279.69
1586570121, 33, 157, 435, 256, 0, 0.76%, 0, 0, 11, 279.95
1586570126, 33, 174, 435, 256, 0, 0.76%, 0, 0, 11, 281.49
1586570131, 33, 183, 435, 256, 0, 0.76%, 0, 0, 11, 282.19
1586570137, 33, 191, 435, 256, 0, 0.76%, 0, 0, 11, 272.92
1586570142, 33, 233, 435, 256, 0, 0.76%, 0, 0, 11, 274.98
1586570147, 33, 237, 435, 256, 0, 0.76%, 0, 0, 11, 295.81
1586570152, 33, 246, 435, 255, 0, 0.76%, 0, 0, 11, 288.05
1586570157, 33, 264, 435, 255, 0, 0.76%, 0, 0, 11, 280.62
1586570162, 33, 299, 435, 255, 0, 0.76%, 0, 0, 11, 328.29
1586570219, 33, 315, 435, 254, 0, 0.76%, 0, 0, 11, 297.00
1586570224, 33, 330, 435, 254, 0, 0.76%, 0, 0, 11, 276.37
1586570229, 33, 348, 435, 254, 0, 0.76%, 0, 0, 11, 288.18
1586570255, 33, 360, 435, 253, 0, 0.76%, 0, 0, 11, 301.97
1586570291, 33, 370, 435, 252, 0, 0.76%, 0, 0, 11, 290.33
1586570296, 33, 388, 435, 252, 0, 0.76%, 0, 0, 11, 291.41
1586570301, 33, 434, 435, 252, 0, 0.76%, 0, 0, 11, 287.96
1586570306, 34, 1, 435, 252, 0, 0.76%, 0, 0, 11, 288.12
1586570311, 34, 27, 435, 252, 0, 0.76%, 0, 0, 11, 305.86
1586570322, 34, 49, 435, 251, 0, 0.76%, 0, 0, 11, 284.68
1586570327, 34, 67, 435, 251, 0, 0.76%, 0, 0, 11, 280.30
1586570332, 34, 81, 435, 251, 0, 0.76%, 0, 0, 11, 281.39
1586570337, 34, 107, 436, 252, 0, 0.76%, 0, 0, 11, 280.10
1586570342, 34, 125, 436, 252, 0, 0.76%, 0, 0, 11, 274.11
1586570347, 34, 154, 436, 252, 0, 0.76%, 0, 0, 11, 284.37
1586570399, 34, 157, 436, 251, 0, 0.76%, 0, 0, 11, 306.76
1586570404, 34, 174, 436, 251, 0, 0.76%, 0, 0, 11, 292.68
1586570409, 34, 184, 436, 251, 0, 0.76%, 0, 0, 11, 287.49
1586570414, 34, 193, 436, 251, 0, 0.76%, 0, 0, 11, 284.12
1586570419, 34, 238, 436, 251, 0, 0.76%, 0, 0, 11, 283.79
1586570424, 34, 246, 436, 251, 0, 0.76%, 0, 0, 11, 276.44
1586570429, 34, 265, 436, 251, 0, 0.76%, 0, 0, 11, 279.17
1586570435, 34, 311, 436, 251, 0, 0.76%, 0, 0, 11, 299.27
1586570440, 34, 314, 436, 251, 0, 0.76%, 0, 0, 11, 307.37
1586570450, 34, 330, 436, 250, 0, 0.76%, 0, 0, 11, 290.71
1586570455, 34, 354, 436, 250, 0, 0.76%, 0, 0, 11, 280.40
1586570460, 34, 373, 436, 250, 0, 0.76%, 0, 0, 11, 274.70
1586570465, 34, 407, 436, 250, 0, 0.76%, 0, 0, 11, 288.33
1586570476, 34, 407, 437, 251, 0, 0.76%, 0, 0, 11, 322.44
1586570486, 34, 407, 439, 253, 0, 0.76%, 0, 0, 11, 323.54
1586570491, 34, 407, 443, 257, 0, 0.76%, 0, 0, 11, 322.10
1586570517, 34, 407, 444, 258, 0, 0.76%, 0, 0, 11, 323.48
1586570522, 34, 407, 445, 259, 0, 0.76%, 0, 0, 11, 301.51
1586570542, 34, 437, 445, 258, 0, 0.76%, 0, 0, 11, 294.80
1586570547, 34, 437, 446, 259, 0, 0.76%, 0, 0, 11, 318.19
1586570552, 34, 437, 447, 260, 0, 0.76%, 0, 0, 11, 320.34
1586570563, 34, 437, 448, 261, 0, 0.76%, 0, 0, 11, 321.80
1586570609, 34, 445, 448, 260, 1, 0.76%, 0, 0, 11, 291.71
1586570665, 34, 445, 449, 261, 1, 0.76%, 0, 0, 11, 309.52
1586570676, 34, 445, 451, 263, 1, 0.76%, 0, 0, 11, 298.35
1586570686, 35, 20, 452, 263, 0, 0.76%, 0, 0, 11, 289.41
1586570691, 35, 61, 452, 263, 0, 0.76%, 0, 0, 11, 290.75
1586570696, 35, 72, 452, 263, 0, 0.76%, 0, 0, 11, 266.30
1586570701, 35, 86, 452, 263, 0, 0.76%, 0, 0, 11, 266.14
1586570706, 35, 109, 452, 263, 0, 0.76%, 0, 0, 11, 275.74
1586570712, 35, 137, 452, 263, 0, 0.76%, 0, 0, 11, 277.47
1586570717, 35, 157, 452, 263, 0, 0.76%, 0, 0, 11, 275.94
1586570722, 35, 173, 452, 263, 0, 0.76%, 0, 0, 11, 281.04
1586570727, 35, 183, 452, 263, 0, 0.76%, 0, 0, 11, 284.22
1586570732, 35, 191, 452, 263, 0, 0.76%, 0, 0, 11, 282.21
1586570737, 35, 233, 452, 263, 0, 0.76%, 0, 0, 11, 283.05
1586570742, 35, 246, 452, 263, 0, 0.76%, 0, 0, 11, 278.46
1586570748, 35, 263, 452, 263, 0, 0.76%, 0, 0, 11, 279.10
1586570753, 35, 271, 452, 263, 0, 0.76%, 0, 0, 11, 278.97
1586570758, 35, 320, 452, 263, 0, 0.76%, 0, 0, 11, 285.23
1586570763, 35, 335, 452, 263, 0, 0.76%, 0, 0, 11, 276.04
1586570768, 35, 367, 452, 263, 0, 0.76%, 0, 0, 11, 270.38
1586570773, 35, 383, 452, 263, 0, 0.76%, 0, 0, 11, 281.36
1586570778, 35, 413, 452, 263, 0, 0.76%, 0, 0, 11, 303.95
1586570788, 35, 434, 452, 262, 0, 0.76%, 0, 0, 11, 283.52
1586570793, 35, 445, 452, 262, 0, 0.76%, 0, 0, 11, 289.03
1586570799, 36, 1, 452, 262, 0, 0.76%, 0, 0, 11, 289.03
1586570804, 36, 28, 452, 262, 0, 0.76%, 0, 0, 11, 284.73
1586570809, 36, 62, 452, 262, 0, 0.76%, 0, 0, 11, 286.26
1586570814, 36, 78, 452, 262, 0, 0.76%, 0, 0, 11, 282.01
1586570819, 36, 88, 453, 263, 0, 0.76%, 0, 0, 11, 276.57
1586570824, 36, 123, 453, 263, 0, 0.76%, 0, 0, 11, 283.58
1586570830, 36, 149, 454, 264, 0, 0.76%, 0, 0, 11, 281.82
1586570835, 36, 167, 454, 264, 0, 0.76%, 0, 0, 11, 285.34
1586570840, 36, 180, 454, 264, 0, 0.76%, 0, 0, 11, 253.19
1586570845, 36, 185, 454, 264, 0, 0.76%, 0, 0, 11, 272.71
1586570850, 36, 231, 454, 264, 0, 0.76%, 0, 0, 11, 266.08
1586570855, 36, 244, 454, 264, 0, 0.76%, 0, 0, 11, 280.57
1586570860, 36, 258, 454, 264, 0, 0.76%, 0, 0, 11, 281.97
1586570865, 36, 270, 454, 264, 0, 0.76%, 0, 0, 11, 287.14
1586570871, 36, 319, 454, 264, 0, 0.76%, 0, 0, 11, 281.67
1586570876, 36, 335, 454, 264, 0, 0.76%, 0, 0, 11, 270.76
1586570881, 36, 367, 454, 264, 0, 0.76%, 0, 0, 11, 277.13
1586570886, 36, 383, 454, 264, 0, 0.76%, 0, 0, 11, 178.74
1586570891, 36, 434, 454, 264, 0, 0.76%, 0, 0, 11, 264.02
1586570896, 36, 445, 454, 264, 0, 0.76%, 0, 0, 11, 287.85
1586570901, 37, 20, 454, 264, 0, 0.76%, 0, 0, 11, 276.86
1586570906, 37, 61, 454, 264, 0, 0.76%, 0, 0, 11, 283.48
1586570911, 37, 69, 454, 264, 0, 0.76%, 0, 0, 11, 274.65
1586570916, 37, 86, 454, 264, 0, 0.76%, 0, 0, 11, 285.48
1586570922, 37, 89, 454, 264, 0, 0.76%, 0, 0, 11, 327.71
1586570973, 37, 107, 454, 263, 0, 0.76%, 0, 0, 11, 288.80
1586570978, 37, 132, 454, 263, 0, 0.76%, 0, 0, 11, 279.34
1586570983, 37, 143, 454, 263, 0, 0.76%, 0, 0, 11, 297.40
1586571040, 37, 164, 454, 262, 0, 0.76%, 0, 0, 11, 285.50
1586571045, 37, 170, 454, 262, 0, 0.76%, 0, 0, 11, 310.30
1586571050, 37, 180, 454, 261, 0, 0.76%, 0, 0, 11, 290.15
1586571055, 37, 185, 454, 261, 0, 0.76%, 0, 0, 11, 282.72
1586571060, 37, 231, 454, 261, 0, 0.76%, 0, 0, 11, 280.77
1586571065, 37, 244, 454, 261, 0, 0.76%, 0, 0, 11, 283.64
1586571070, 37, 258, 454, 261, 0, 0.76%, 0, 0, 11, 279.89
1586571075, 37, 270, 454, 261, 0, 0.76%, 0, 0, 11, 45.25
1586571081, 37, 319, 454, 261, 0, 0.76%, 0, 0, 11, 281.59
1586571086, 37, 335, 454, 261, 0, 0.76%, 0, 0, 11, 284.55
1586571091, 37, 367, 454, 261, 0, 0.76%, 0, 0, 11, 280.45
1586571096, 37, 389, 454, 261, 0, 0.76%, 0, 0, 11, 273.20
1586571101, 37, 445, 454, 261, 0, 0.76%, 0, 0, 11, 281.38
1586571111, 37, 449, 454, 261, 0, 0.76%, 0, 0, 11, 319.73
1586571183, 38, 28, 454, 260, 0, 0.76%, 0, 0, 11, 285.72
1586571188, 38, 62, 454, 260, 0, 0.76%, 0, 0, 11, 273.51
1586571193, 38, 76, 454, 260, 0, 0.76%, 0, 0, 11, 260.00
1586571198, 38, 87, 454, 260, 0, 0.76%, 0, 0, 11, 270.90
1586571204, 38, 109, 454, 260, 0, 0.76%, 0, 0, 11, 7.61
1586571209, 38, 137, 454, 260, 0, 0.76%, 0, 0, 11, 268.07
1586571214, 38, 160, 454, 260, 0, 0.76%, 0, 0, 11, 276.52
1586571219, 38, 178, 454, 260, 0, 0.76%, 0, 0, 11, 280.67
1586571224, 38, 185, 454, 260, 0, 0.76%, 0, 0, 11, 282.39
1586571230, 38, 231, 454, 260, 0, 0.76%, 0, 0, 11, 282.45
1586571235, 38, 244, 454, 260, 0, 0.76%, 0, 0, 11, 285.86
1586571240, 38, 249, 454, 260, 0, 0.76%, 0, 0, 11, 293.11
1586571291, 38, 257, 454, 259, 0, 0.76%, 0, 0, 11, 301.56
1586571297, 38, 265, 454, 259, 0, 0.76%, 0, 0, 11, 291.95
1586571302, 38, 319, 454, 259, 0, 0.76%, 0, 0, 11, 286.72
1586571307, 38, 335, 454, 259, 0, 0.76%, 0, 0, 11, 281.31
1586571312, 38, 360, 454, 259, 0, 0.76%, 0, 0, 11, 287.04
1586571317, 38, 370, 454, 259, 0, 0.76%, 0, 0, 11, 281.14
1586571322, 38, 434, 454, 259, 0, 0.76%, 0, 0, 11, 285.26
1586571327, 38, 445, 454, 259, 0, 0.76%, 0, 0, 11, 289.26
1586571333, 39, 0, 454, 259, 0, 0.76%, 0, 0, 11, 287.47
1586571338, 39, 47, 454, 259, 0, 0.76%, 0, 0, 11, 277.16
1586571343, 39, 66, 454, 259, 0, 0.76%, 0, 0, 11, 278.29
1586571348, 39, 80, 454, 259, 0, 0.76%, 0, 0, 11, 282.72
1586571353, 39, 90, 454, 259, 0, 0.76%, 0, 0, 11, 279.03
1586571358, 39, 120, 454, 259, 0, 0.76%, 0, 0, 11, 276.14
1586571363, 39, 141, 454, 259, 0, 0.76%, 0, 0, 11, 274.02
1586571368, 39, 164, 454, 259, 0, 0.76%, 0, 0, 11, 279.37
1586571373, 39, 178, 454, 259, 0, 0.76%, 0, 0, 11, 267.70
1586571378, 39, 185, 454, 259, 0, 0.76%, 0, 0, 11, 278.25
1586571383, 39, 231, 454, 259, 0, 0.76%, 0, 0, 11, 276.15
1586571389, 39, 244, 454, 259, 0, 0.76%, 0, 0, 11, 287.72
1586571394, 39, 258, 454, 259, 0, 0.76%, 0, 0, 11, 295.10
1586571399, 39, 270, 454, 259, 0, 0.76%, 0, 0, 11, 292.97
1586571404, 39, 320, 454, 259, 0, 0.76%, 0, 0, 11, 293.96
1586571409, 39, 338, 454, 259, 0, 0.76%, 0, 0, 11, 289.87
1586571414, 39, 343, 454, 259, 0, 0.76%, 0, 0, 11, 318.00
1586571466, 39, 359, 454, 258, 0, 0.76%, 0, 0, 11, 293.14
1586571471, 39, 383, 454, 258, 0, 0.76%, 0, 0, 11, 287.78
1586571476, 39, 434, 454, 258, 0, 0.76%, 0, 0, 11, 293.58
1586571481, 39, 445, 454, 258, 0, 0.76%, 0, 0, 11, 291.01
1586571486, 40, 13, 454, 258, 0, 0.76%, 0, 0, 11, 281.45
1586571491, 40, 49, 454, 258, 0, 0.76%, 0, 0, 11, 277.49
1586571496, 40, 66, 454, 258, 0, 0.76%, 0, 0, 11, 266.53
1586571501, 40, 80, 454, 258, 0, 0.76%, 0, 0, 11, 261.90
1586571506, 40, 88, 454, 258, 0, 0.76%, 0, 0, 11, 264.53
1586571511, 40, 123, 454, 258, 0, 0.76%, 0, 0, 11, 274.29
1586571517, 40, 149, 454, 258, 0, 0.76%, 0, 0, 11, 277.35
1586571522, 40, 164, 454, 258, 0, 0.76%, 0, 0, 11, 36.00
1586571527, 40, 180, 454, 258, 0, 0.76%, 0, 0, 11, 271.24
1586571532, 40, 186, 454, 258, 0, 0.76%, 0, 0, 11, 268.30
1586571537, 40, 187, 454, 258, 0, 0.76%, 0, 0, 11, 290.75
1586571588, 40, 190, 454, 257, 0, 0.76%, 0, 0, 11, 266.16
1586571593, 40, 232, 454, 257, 0, 0.76%, 0, 0, 11, 245.99
1586571599, 40, 243, 454, 257, 0, 0.76%, 0, 0, 11, 250.46
1586571660, 40, 244, 454, 256, 0, 0.76%, 0, 0, 11, 277.66
1586571665, 40, 257, 454, 256, 0, 0.76%, 0, 0, 11, 256.92
1586571670, 40, 265, 454, 256, 0, 0.76%, 0, 0, 11, 257.94
1586571675, 40, 315, 454, 256, 0, 0.76%, 0, 0, 11, 245.13
1586571680, 40, 327, 454, 256, 0, 0.76%, 0, 0, 11, 238.72
1586571685, 40, 338, 454, 256, 0, 0.76%, 0, 0, 11, 256.38
1586571691, 40, 370, 454, 256, 0, 0.76%, 0, 0, 11, 232.84
1586571696, 40, 383, 455, 257, 0, 0.76%, 0, 0, 11, 250.53
1586571701, 40, 445, 455, 257, 0, 0.76%, 0, 0, 11, 260.22
1586571706, 41, 0, 455, 257, 0, 0.76%, 0, 0, 11, 263.35
1586571711, 41, 20, 455, 257, 0, 0.76%, 0, 0, 11, 261.39
1586571716, 41, 52, 455, 257, 0, 0.76%, 0, 0, 11, 259.82
1586571793, 41, 61, 455, 256, 0, 0.76%, 0, 0, 11, 264.46
1586571798, 41, 72, 455, 256, 0, 0.76%, 0, 0, 11, 276.35
1586571803, 41, 86, 455, 256, 0, 0.76%, 0, 0, 11, 251.31
1586571808, 41, 90, 455, 256, 0, 0.76%, 0, 0, 11, 271.43
1586571813, 41, 120, 455, 256, 0, 0.76%, 0, 0, 11, 240.90
1586571818, 41, 132, 455, 256, 0, 0.76%, 0, 0, 11, 57.65
1586571823, 41, 157, 455, 256, 0, 0.76%, 0, 0, 11, 211.29
1586571828, 41, 159, 455, 256, 0, 0.76%, 0, 0, 11, 296.18
1586571885, 41, 167, 455, 255, 0, 0.76%, 0, 0, 11, 282.34
1586571890, 41, 180, 455, 255, 0, 0.76%, 0, 0, 11, 283.53
1586571895, 41, 186, 455, 255, 0, 0.76%, 0, 0, 11, 279.61
1586571900, 41, 206, 455, 255, 0, 0.76%, 0, 0, 11, 259.04
1586571905, 41, 238, 455, 255, 0, 0.76%, 0, 0, 11, 270.09
1586571910, 41, 257, 455, 255, 0, 0.76%, 0, 0, 11, 274.64
1586571915, 41, 265, 455, 255, 0, 0.76%, 0, 0, 11, 280.35
1586571920, 41, 315, 455, 255, 0, 0.76%, 0, 0, 11, 285.73
1586571925, 41, 330, 455, 255, 0, 0.76%, 0, 0, 11, 286.79
1586571931, 41, 354, 455, 255, 0, 0.76%, 0, 0, 11, 280.38
1586571936, 41, 373, 455, 255, 0, 0.76%, 0, 0, 11, 284.65
1586571941, 41, 399, 455, 255, 0, 0.76%, 0, 0, 11, 303.88
1586571961, 41, 445, 455, 254, 0, 0.76%, 0, 0, 11, 290.58
1586571967, 42, 0, 455, 254, 0, 0.76%, 0, 0, 11, 290.24
1586571972, 42, 37, 455, 254, 0, 0.76%, 0, 0, 11, 288.72
1586571977, 42, 61, 455, 254, 0, 0.76%, 0, 0, 11, 283.70
1586571982, 42, 76, 455, 254, 0, 0.76%, 0, 0, 11, 280.68
1586571987, 42, 87, 455, 254, 0, 0.76%, 0, 0, 11, 274.96
1586571992, 42, 120, 455, 254, 0, 0.76%, 0, 0, 11, 271.84
1586571998, 42, 141, 455, 254, 0, 0.76%, 0, 0, 11, 274.50
1586572003, 42, 160, 455, 254, 0, 0.76%, 0, 0, 11, 41.84
1586572008, 42, 175, 455, 254, 0, 0.76%, 0, 0, 11, 292.78
1586572059, 42, 178, 455, 253, 0, 0.76%, 0, 0, 11, 298.04
1586572064, 42, 185, 455, 253, 0, 0.76%, 0, 0, 11, 278.41
1586572069, 42, 201, 455, 253, 0, 0.76%, 0, 0, 11, 280.47
1586572120, 42, 222, 455, 252, 0, 0.76%, 0, 0, 11, 308.85
1586572176, 42, 232, 455, 251, 0, 0.76%, 0, 0, 11, 285.83
1586572181, 42, 244, 455, 251, 0, 0.76%, 0, 0, 11, 290.43
1586572186, 42, 258, 455, 251, 0, 0.76%, 0, 0, 11, 288.99
1586572191, 42, 270, 455, 251, 0, 0.76%, 0, 0, 11, 289.55
1586572197, 42, 320, 455, 251, 0, 0.76%, 0, 0, 11, 286.21
1586572202, 42, 338, 455, 251, 0, 0.76%, 0, 0, 11, 280.44
1586572207, 42, 370, 455, 251, 0, 0.76%, 0, 0, 11, 280.67
1586572212, 42, 434, 455, 251, 0, 0.76%, 0, 0, 11, 284.06
1586572217, 43, 1, 455, 251, 0, 0.76%, 0, 0, 11, 282.95
1586572222, 43, 20, 455, 250, 0, 0.76%, 0, 0, 11, 290.51
1586572227, 43, 41, 455, 250, 0, 0.76%, 0, 0, 11, 309.83
1586572279, 43, 62, 455, 249, 0, 0.76%, 0, 0, 11, 290.10
1586572284, 43, 76, 455, 249, 0, 0.76%, 0, 0, 11, 281.77
1586572289, 43, 88, 455, 249, 0, 0.76%, 0, 0, 11, 280.08
1586572294, 43, 120, 455, 249, 0, 0.76%, 0, 0, 11, 277.31
1586572300, 43, 141, 455, 249, 0, 0.76%, 0, 0, 11, 282.28
1586572305, 43, 164, 455, 249, 0, 0.76%, 0, 0, 11, 280.21
1586572310, 43, 180, 455, 249, 0, 0.76%, 0, 0, 11, 282.82
1586572315, 43, 186, 455, 249, 0, 0.76%, 0, 0, 11, 284.85
1586572320, 43, 220, 455, 249, 0, 0.76%, 0, 0, 11, 297.30
1586572377, 43, 233, 455, 248, 0, 0.76%, 0, 0, 11, 301.91
1586572399, 43, 241, 455, 248, 0, 0.76%, 0, 0, 11, 2.90
1586572405, 43, 246, 455, 248, 0, 0.76%, 0, 0, 11, 44.78
1586572410, 43, 263, 455, 248, 0, 0.76%, 0, 0, 11, 281.80
1586572415, 43, 271, 455, 248, 0, 0.76%, 0, 0, 11, 288.63
1586572420, 43, 289, 455, 248, 0, 0.76%, 0, 0, 11, 296.18
1586572471, 43, 311, 455, 247, 0, 0.76%, 0, 0, 11, 298.94
1586572477, 43, 330, 455, 247, 0, 0.76%, 0, 0, 11, 290.93
1586572482, 43, 354, 455, 247, 0, 0.76%, 0, 0, 11, 280.25
1586572487, 43, 373, 455, 247, 0, 0.76%, 0, 0, 11, 284.49
1586572492, 43, 445, 456, 248, 0, 0.77%, 0, 0, 11, 285.32
1586572497, 44, 20, 456, 248, 0, 0.77%, 0, 0, 11, 280.11
1586572502, 44, 49, 456, 248, 0, 0.77%, 0, 0, 11, 278.52
1586572507, 44, 67, 456, 248, 0, 0.77%, 0, 0, 11, 278.45
1586572513, 44, 81, 456, 248, 0, 0.77%, 0, 0, 11, 275.62
1586572518, 44, 106, 456, 248, 0, 0.77%, 0, 0, 11, 284.28
1586572523, 44, 111, 456, 247, 0, 0.77%, 0, 0, 11, 285.74
1586572533, 44, 137, 456, 246, 0, 0.77%, 0, 0, 11, 289.11
1586572538, 44, 160, 456, 246, 0, 0.77%, 0, 0, 11, 293.76
1586572544, 44, 178, 456, 246, 0, 0.77%, 0, 0, 11, 290.81
1586572549, 44, 185, 456, 246, 0, 0.77%, 0, 0, 11, 283.41
1586572554, 44, 231, 456, 246, 0, 0.77%, 0, 0, 11, 273.75
1586572559, 44, 244, 456, 246, 0, 0.77%, 0, 0, 11, 283.32
1586572564, 44, 258, 456, 246, 0, 0.77%, 0, 0, 11, 287.38
1586572569, 44, 270, 456, 246, 0, 0.77%, 0, 0, 11, 285.73
1586572575, 44, 320, 456, 246, 0, 0.77%, 0, 0, 11, 284.58
1586572580, 44, 338, 456, 246, 0, 0.77%, 0, 0, 11, 284.08
1586572585, 44, 367, 456, 246, 0, 0.77%, 0, 0, 11, 272.70
1586572590, 44, 389, 456, 246, 0, 0.77%, 0, 0, 11, 285.85
1586572595, 44, 395, 456, 246, 0, 0.77%, 0, 0, 11, 318.18
1586572615, 44, 395, 457, 247, 0, 0.77%, 0, 0, 11, 295.77
1586572620, 45, 0, 457, 246, 0, 0.77%, 0, 0, 11, 285.08
1586572626, 45, 49, 457, 246, 0, 0.77%, 0, 0, 11, 281.13
1586572631, 45, 54, 457, 246, 0, 0.77%, 0, 0, 11, 317.93
1586572682, 45, 61, 457, 245, 0, 0.77%, 0, 0, 11, 297.71
1586572687, 45, 76, 457, 245, 0, 0.77%, 0, 0, 11, 286.48
1586572692, 45, 88, 457, 245, 0, 0.77%, 0, 0, 11, 286.69
1586572711, 45, 90, 457, 245, 0, 0.77%, 0, 0, 11, 3.00
1586572716, 45, 123, 457, 245, 0, 0.77%, 0, 0, 11, 276.25
1586572722, 45, 156, 457, 245, 0, 0.77%, 0, 0, 11, 280.56
1586572727, 45, 167, 457, 245, 0, 0.77%, 0, 0, 11, 277.66
1586572732, 45, 181, 457, 245, 0, 0.77%, 0, 0, 11, 285.92
1586572737, 45, 190, 457, 245, 0, 0.77%, 0, 0, 11, 284.79
1586572742, 45, 231, 457, 245, 0, 0.77%, 0, 0, 11, 289.55
1586572747, 45, 244, 457, 245, 0, 0.77%, 0, 0, 11, 284.35
1586572752, 45, 258, 457, 245, 0, 0.77%, 0, 0, 11, 275.67
1586572758, 45, 265, 457, 245, 0, 0.77%, 0, 0, 11, 277.09
1586572763, 45, 315, 457, 245, 0, 0.77%, 0, 0, 11, 297.52
1586572768, 45, 330, 457, 245, 0, 0.77%, 0, 0, 11, 282.57
1586572773, 45, 354, 457, 245, 0, 0.77%, 0, 0, 11, 281.90
1586572778, 45, 373, 458, 246, 0, 0.77%, 0, 0, 11, 285.46
1586572783, 45, 440, 458, 246, 0, 0.77%, 0, 0, 11, 293.95
1586572891, 46, 20, 458, 245, 0, 0.77%, 0, 0, 11, 292.46
1586572896, 46, 61, 458, 245, 0, 0.77%, 0, 0, 11, 289.31
1586572901, 46, 72, 458, 245, 0, 0.77%, 0, 0, 11, 286.25
1586572922, 46, 76, 458, 245, 0, 0.77%, 0, 0, 11, 2.06
1586572927, 46, 88, 458, 245, 0, 0.77%, 0, 0, 11, 284.22
1586572932, 46, 123, 458, 245, 0, 0.77%, 0, 0, 11, 284.65
1586572956, 46, 141, 458, 245, 0, 0.77%, 0, 0, 11, 1.58
1586572962, 46, 164, 458, 245, 0, 0.77%, 0, 0, 11, 286.88
1586572988, 46, 173, 458, 245, 0, 0.77%, 0, 0, 11, 12.89
1586572993, 46, 183, 458, 245, 0, 0.77%, 0, 0, 11, 279.37
1586572998, 46, 191, 458, 245, 0, 0.77%, 0, 0, 11, 277.16
1586573003, 46, 233, 458, 245, 0, 0.77%, 0, 0, 11, 271.73
1586573008, 46, 245, 458, 245, 0, 0.77%, 0, 0, 11, 281.10
1586573013, 46, 257, 458, 245, 0, 0.77%, 0, 0, 11, 2.06
1586573018, 46, 265, 458, 245, 0, 0.77%, 0, 0, 11, 282.20
1586573023, 46, 266, 458, 245, 0, 0.77%, 0, 0, 11, 318.49
1586573069, 46, 270, 458, 244, 0, 0.77%, 0, 0, 11, 312.48
1586573074, 46, 320, 458, 244, 0, 0.77%, 0, 0, 11, 295.68
1586573079, 46, 338, 458, 244, 0, 0.77%, 0, 0, 11, 284.74
1586573084, 46, 370, 458, 244, 0, 0.77%, 0, 0, 11, 287.11
1586573089, 46, 434, 458, 244, 0, 0.77%, 0, 0, 11, 286.03
1586573094, 47, 20, 458, 244, 0, 0.77%, 0, 0, 11, 276.81
1586573099, 47, 55, 458, 244, 0, 0.77%, 0, 0, 11, 286.25
1586573104, 47, 69, 458, 244, 0, 0.77%, 0, 0, 11, 280.52
1586573110, 47, 86, 458, 244, 0, 0.77%, 0, 0, 11, 282.08
1586573115, 47, 109, 458, 244, 0, 0.77%, 0, 0, 11, 279.27
1586573120, 47, 137, 458, 244, 0, 0.77%, 0, 0, 11, 272.86
1586573125, 47, 160, 458, 244, 0, 0.77%, 0, 0, 11, 278.99
1586573130, 47, 165, 458, 244, 0, 0.77%, 0, 0, 11, 308.58
1586573181, 47, 173, 458, 243, 0, 0.77%, 0, 0, 11, 264.19
1586573186, 47, 181, 458, 243, 0, 0.77%, 0, 0, 11, 278.72
1586573191, 47, 190, 458, 243, 0, 0.77%, 0, 0, 11, 282.96
1586573196, 47, 233, 458, 243, 0, 0.77%, 0, 0, 11, 286.03
1586573202, 47, 246, 458, 243, 0, 0.77%, 0, 0, 11, 274.32
1586573207, 47, 264, 458, 243, 0, 0.77%, 0, 0, 11, 279.69
1586573212, 47, 311, 458, 243, 0, 0.77%, 0, 0, 11, 282.36
1586573217, 47, 330, 458, 243, 0, 0.77%, 0, 0, 11, 285.41
1586573222, 47, 332, 458, 243, 0, 0.77%, 0, 0, 11, 310.03
1586573274, 47, 367, 458, 242, 0, 0.77%, 0, 0, 11, 300.35
1586573279, 47, 383, 458, 242, 0, 0.77%, 0, 0, 11, 289.17
1586573284, 48, 1, 458, 242, 0, 0.77%, 0, 0, 11, 284.20
1586573289, 48, 9, 458, 242, 0, 0.77%, 0, 0, 11, 299.93
1586573340, 48, 49, 458, 241, 0, 0.77%, 0, 0, 11, 282.51
1586573345, 48, 51, 458, 241, 0, 0.77%, 0, 0, 11, 298.51
1586573402, 48, 62, 458, 240, 0, 0.77%, 0, 0, 11, 254.90
1586573407, 48, 76, 458, 240, 0, 0.77%, 0, 0, 11, 267.26
1586573412, 48, 87, 458, 240, 0, 0.77%, 0, 0, 11, 251.14
1586573417, 48, 107, 458, 240, 0, 0.77%, 0, 0, 11, 235.38
1586573422, 48, 132, 458, 240, 0, 0.77%, 0, 0, 11, 249.24
1586573447, 48, 156, 458, 240, 0, 0.77%, 0, 0, 11, 0.25
1586573452, 48, 167, 458, 240, 0, 0.77%, 0, 0, 11, 267.00
1586573457, 48, 180, 458, 240, 0, 0.77%, 0, 0, 11, 247.18
1586573462, 48, 185, 458, 240, 0, 0.77%, 0, 0, 11, 207.32
1586573484, 48, 190, 458, 240, 0, 0.77%, 0, 0, 11, 2.65
1586573489, 48, 232, 458, 240, 0, 0.77%, 0, 0, 11, 274.84
1586573494, 48, 245, 458, 240, 0, 0.77%, 0, 0, 11, 282.56
1586573500, 48, 258, 458, 240, 0, 0.77%, 0, 0, 11, 243.22
1586573521, 48, 262, 458, 240, 0, 0.77%, 0, 0, 11, 1.40
1586573594, 48, 263, 458, 239, 0, 0.77%, 0, 0, 11, 256.08
1586573599, 48, 270, 458, 239, 0, 0.77%, 0, 0, 11, 259.46
1586573604, 48, 319, 458, 239, 0, 0.77%, 0, 0, 11, 289.57
1586573609, 48, 331, 458, 239, 0, 0.77%, 0, 0, 11, 274.07
1586573614, 48, 359, 458, 239, 0, 0.77%, 0, 0, 11, 273.20
1586573620, 48, 383, 458, 239, 0, 0.77%, 0, 0, 11, 291.33
1586573625, 49, 0, 458, 239, 0, 0.77%, 0, 0, 11, 281.27
1586573630, 49, 32, 458, 239, 0, 0.77%, 0, 0, 11, 300.83
1586573703, 49, 47, 458, 238, 0, 0.77%, 0, 0, 11, 2.21
1586573709, 49, 62, 458, 238, 0, 0.77%, 0, 0, 11, 286.62
1586573714, 49, 78, 458, 238, 0, 0.77%, 0, 0, 11, 282.56
1586573719, 49, 88, 458, 238, 0, 0.77%, 0, 0, 11, 287.22
1586573724, 49, 123, 458, 238, 0, 0.77%, 0, 0, 11, 278.94
1586573729, 49, 137, 458, 238, 0, 0.77%, 0, 0, 11, 281.01
1586573734, 49, 140, 458, 238, 0, 0.77%, 0, 0, 11, 307.08
1586573739, 49, 160, 458, 237, 0, 0.77%, 0, 0, 11, 302.58
1586573744, 49, 178, 458, 237, 0, 0.77%, 0, 0, 11, 293.97
1586573750, 49, 185, 458, 237, 0, 0.77%, 0, 0, 11, 280.57
1586573755, 49, 203, 458, 237, 0, 0.77%, 0, 0, 11, 296.24
1586573806, 49, 232, 458, 236, 0, 0.77%, 0, 0, 11, 297.80
1586573811, 49, 245, 458, 236, 0, 0.77%, 0, 0, 11, 284.70
1586573816, 49, 258, 458, 236, 0, 0.77%, 0, 0, 11, 281.04
1586573821, 49, 271, 458, 236, 0, 0.77%, 0, 0, 11, 279.25
1586573826, 49, 327, 458, 236, 0, 0.77%, 0, 0, 11, 282.16
1586573832, 49, 338, 458, 236, 0, 0.77%, 0, 0, 11, 282.60
1586573837, 49, 353, 458, 236, 0, 0.77%, 0, 0, 11, 309.87
1586573893, 49, 353, 459, 237, 0, 0.77%, 0, 0, 11, 297.10
1586573898, 49, 370, 459, 236, 0, 0.77%, 0, 0, 11, 290.53
1586573903, 49, 434, 459, 236, 0, 0.77%, 0, 0, 11, 289.13
1586573909, 50, 20, 459, 236, 0, 0.77%, 0, 0, 11, 283.15
1586573914, 50, 25, 459, 236, 0, 0.77%, 0, 0, 11, 314.89
1586573960, 50, 28, 459, 235, 0, 0.77%, 0, 0, 11, 313.30
1586573965, 50, 62, 459, 235, 0, 0.77%, 0, 0, 11, 286.24
1586573970, 50, 78, 459, 235, 0, 0.77%, 0, 0, 11, 292.22
1586573975, 50, 90, 459, 235, 0, 0.77%, 0, 0, 11, 288.37
1586573999, 50, 109, 459, 235, 0, 0.77%, 0, 0, 11, 0.79
1586574004, 50, 137, 459, 235, 0, 0.77%, 0, 0, 11, 265.28
1586574009, 50, 160, 459, 235, 0, 0.77%, 0, 0, 11, 277.58
1586574014, 50, 178, 459, 235, 0, 0.77%, 0, 0, 11, 288.50
1586574019, 50, 185, 459, 235, 0, 0.77%, 0, 0, 11, 289.71
1586574024, 50, 231, 459, 235, 0, 0.77%, 0, 0, 11, 280.78
1586574030, 50, 244, 459, 235, 0, 0.77%, 0, 0, 11, 282.47
1586574035, 50, 258, 459, 235, 0, 0.77%, 0, 0, 11, 285.39
1586574060, 50, 270, 459, 235, 0, 0.77%, 0, 0, 11, 1.72
1586574065, 50, 311, 459, 235, 0, 0.77%, 0, 0, 11, 263.15
1586574070, 50, 327, 459, 235, 0, 0.77%, 0, 0, 11, 275.58
1586574075, 50, 338, 459, 235, 0, 0.77%, 0, 0, 11, 281.14
1586574080, 50, 373, 459, 235, 0, 0.77%, 0, 0, 11, 269.35
1586574107, 50, 445, 459, 235, 0, 0.77%, 0, 0, 11, 267.44
1586574113, 51, 3, 459, 235, 0, 0.77%, 0, 0, 11, 18.01
1586574118, 51, 55, 459, 235, 0, 0.77%, 0, 0, 11, 264.99
1586574123, 51, 67, 459, 235, 0, 0.77%, 0, 0, 11, 274.66
1586574130, 51, 79, 459, 235, 0, 0.77%, 0, 0, 11, 6.81
1586574187, 51, 81, 459, 234, 0, 0.77%, 0, 0, 11, 291.96
1586574193, 51, 90, 459, 234, 0, 0.77%, 0, 0, 11, 8.20
1586574198, 51, 117, 459, 234, 0, 0.77%, 0, 0, 11, 302.81
1586574203, 51, 120, 459, 233, 0, 0.77%, 0, 0, 11, 8.24
1586574229, 51, 125, 459, 233, 0, 0.77%, 0, 0, 11, 1.28
1586574234, 51, 149, 459, 233, 0, 0.77%, 0, 0, 11, 260.41
1586574239, 51, 164, 459, 233, 0, 0.77%, 0, 0, 11, 275.90
1586574245, 51, 174, 459, 233, 0, 0.77%, 0, 0, 11, 2.15
1586574267, 51, 180, 459, 233, 0, 0.77%, 0, 0, 11, 1.72
1586574272, 51, 185, 459, 233, 0, 0.77%, 0, 0, 11, 20.27
1586574298, 51, 191, 459, 233, 0, 0.77%, 0, 0, 11, 1.77
1586574319, 51, 193, 459, 233, 0, 0.77%, 0, 0, 11, 0.54
1586574325, 51, 233, 459, 233, 0, 0.77%, 0, 0, 11, 17.51
1586574330, 51, 244, 459, 233, 0, 0.77%, 0, 0, 11, 12.34
1586574335, 51, 246, 459, 233, 0, 0.77%, 0, 0, 11, 288.56
1586574342, 51, 263, 459, 233, 0, 0.77%, 0, 0, 11, 22.25
1586574348, 51, 265, 459, 233, 0, 0.77%, 0, 0, 11, 276.13
1586574353, 51, 311, 459, 233, 0, 0.77%, 0, 0, 11, 281.65
1586574358, 51, 319, 459, 233, 0, 0.77%, 0, 0, 11, 295.07
1586574363, 51, 335, 459, 233, 0, 0.77%, 0, 0, 11, 295.58
1586574368, 51, 359, 459, 233, 0, 0.77%, 0, 0, 11, 11.96
1586574373, 51, 370, 459, 233, 0, 0.77%, 0, 0, 11, 273.23
1586574378, 51, 383, 460, 234, 0, 0.77%, 0, 0, 11, 256.46
1586574383, 51, 389, 460, 234, 0, 0.77%, 0, 0, 11, 262.04
1586574389, 52, 3, 460, 234, 0, 0.77%, 0, 0, 11, 279.21
1586574394, 52, 47, 460, 234, 0, 0.77%, 0, 0, 11, 276.81
1586574400, 52, 62, 460, 234, 0, 0.77%, 0, 0, 11, 4.44
1586574405, 52, 67, 460, 234, 0, 0.77%, 0, 0, 11, 17.92
1586574410, 52, 78, 460, 234, 0, 0.77%, 0, 0, 11, 239.36
1586574415, 52, 86, 460, 234, 0, 0.77%, 0, 0, 11, 264.45
1586574422, 52, 88, 460, 234, 0, 0.77%, 0, 0, 11, 6.39
1586574427, 52, 120, 460, 234, 0, 0.77%, 0, 0, 11, 269.86
1586574432, 52, 125, 460, 234, 0, 0.77%, 0, 0, 11, 13.75
1586574437, 52, 129, 460, 234, 0, 0.77%, 0, 0, 11, 300.26
1586574472, 52, 132, 460, 233, 0, 0.77%, 0, 0, 11, 2.42
1586574477, 52, 149, 460, 233, 0, 0.77%, 0, 0, 11, 268.51
1586574484, 52, 160, 460, 233, 0, 0.77%, 0, 0, 11, 2.90
1586574505, 52, 164, 460, 233, 0, 0.77%, 0, 0, 11, 2.75
1586574511, 52, 167, 460, 233, 0, 0.77%, 0, 0, 11, 8.27
1586574536, 52, 173, 460, 233, 0, 0.77%, 0, 0, 11, 2.05
1586574543, 52, 178, 460, 233, 0, 0.77%, 0, 0, 11, 9.23
1586574548, 52, 184, 460, 233, 0, 0.77%, 0, 0, 11, 269.77
1586574554, 52, 191, 460, 233, 0, 0.77%, 0, 0, 11, 14.26
1586574560, 52, 233, 460, 233, 0, 0.77%, 0, 0, 11, 23.45
1586574567, 52, 244, 460, 233, 0, 0.77%, 0, 0, 11, 15.35
1586574574, 52, 245, 460, 233, 0, 0.77%, 0, 0, 11, 16.49
1586574581, 52, 263, 460, 233, 0, 0.77%, 0, 0, 11, 25.48
1586574586, 52, 265, 460, 233, 0, 0.77%, 0, 0, 11, 0.71
1586574591, 52, 270, 460, 233, 0, 0.77%, 0, 0, 11, 282.24
1586574597, 52, 305, 460, 233, 0, 0.77%, 0, 0, 11, 21.92
1586574702, 52, 311, 460, 232, 0, 0.77%, 0, 0, 11, 263.47
1586574708, 52, 319, 460, 232, 0, 0.77%, 0, 0, 11, 20.23
1586574733, 52, 327, 460, 232, 0, 0.77%, 0, 0, 11, 0.30
1586574739, 52, 330, 460, 232, 0, 0.77%, 0, 0, 11, 4.70
1586574760, 52, 331, 460, 232, 0, 0.77%, 0, 0, 11, 0.20
1586574765, 52, 338, 460, 232, 0, 0.77%, 0, 0, 11, 263.10
1586574770, 52, 349, 460, 232, 0, 0.77%, 0, 0, 11, 288.50
1586574793, 52, 359, 460, 231, 0, 0.77%, 0, 0, 11, 19.94
1586574800, 52, 370, 460, 231, 0, 0.77%, 0, 0, 11, 6.41
1586574807, 52, 383, 460, 231, 0, 0.77%, 0, 0, 11, 2.19
1586574813, 52, 396, 460, 231, 0, 0.77%, 0, 0, 11, 268.38
1586574818, 52, 396, 461, 232, 0, 0.77%, 0, 0, 11, 313.76
1586574893, 52, 445, 461, 231, 0, 0.77%, 0, 0, 11, 15.30
1586574901, 53, 47, 461, 231, 0, 0.77%, 0, 0, 11, 19.29
1586574906, 53, 55, 461, 231, 0, 0.77%, 0, 0, 11, 295.57
1586574911, 53, 66, 461, 231, 0, 0.77%, 0, 0, 11, 268.66
1586574916, 53, 69, 461, 231, 0, 0.77%, 0, 0, 11, 292.72
1586574921, 53, 78, 461, 231, 0, 0.77%, 0, 0, 11, 259.17
1586574927, 53, 86, 461, 231, 0, 0.77%, 0, 0, 11, 268.75
1586574949, 53, 87, 461, 231, 0, 0.77%, 0, 0, 11, 0.23
1586574954, 53, 91, 461, 231, 0, 0.77%, 0, 0, 11, 255.19
1586574960, 53, 104, 461, 231, 0, 0.77%, 0, 0, 11, 26.08
1586575059, 53, 120, 461, 230, 0, 0.77%, 0, 0, 11, 271.99
1586575076, 53, 125, 461, 230, 0, 0.77%, 0, 0, 11, 2.25
1586575083, 53, 137, 461, 230, 0, 0.77%, 0, 0, 11, 8.31
1586575107, 53, 149, 461, 230, 0, 0.77%, 0, 0, 11, 0.85
1586575112, 53, 160, 461, 230, 0, 0.77%, 0, 0, 11, 273.13
1586575119, 53, 167, 461, 230, 0, 0.77%, 0, 0, 11, 12.59
1586575126, 53, 174, 461, 230, 0, 0.77%, 0, 0, 11, 14.41
1586575152, 53, 181, 461, 230, 0, 0.77%, 0, 0, 11, 2.07
1586575175, 53, 183, 461, 230, 0, 0.77%, 0, 0, 11, 2.28
1586575182, 53, 191, 461, 230, 0, 0.77%, 0, 0, 11, 8.21
1586575187, 53, 222, 461, 230, 0, 0.77%, 0, 0, 11, 263.41
1586575213, 53, 232, 461, 230, 0, 0.77%, 0, 0, 11, 0.46
1586575218, 53, 238, 461, 230, 0, 0.77%, 0, 0, 11, 263.07
1586575241, 53, 245, 461, 230, 0, 0.77%, 0, 0, 11, 1.23
1586575246, 53, 246, 461, 230, 0, 0.77%, 0, 0, 11, 274.21
1586575270, 53, 257, 461, 230, 0, 0.77%, 0, 0, 11, 0.89
1586575275, 53, 258, 461, 230, 0, 0.77%, 0, 0, 11, 183.67
1586575291, 53, 264, 461, 230, 0, 0.77%, 0, 0, 11, 2.25
1586575320, 53, 270, 461, 230, 0, 0.77%, 0, 0, 11, 9.13
1586575325, 53, 315, 461, 230, 0, 0.77%, 0, 0, 11, 24.81
1586575330, 53, 320, 461, 230, 0, 0.77%, 0, 0, 11, 277.23
1586575351, 53, 327, 461, 230, 0, 0.77%, 0, 0, 11, 1.18
1586575374, 53, 330, 461, 230, 0, 0.77%, 0, 0, 11, 2.56
1586575397, 53, 331, 461, 230, 0, 0.77%, 0, 0, 11, 10.18
1586575403, 53, 338, 461, 230, 0, 0.77%, 0, 0, 11, 263.61
1586575408, 53, 359, 461, 230, 0, 0.77%, 0, 0, 11, 282.21
1586575413, 53, 383, 461, 230, 0, 0.77%, 0, 0, 11, 293.86
1586575437, 53, 445, 461, 230, 0, 0.77%, 0, 0, 11, 1.58
1586575461, 54, 3, 461, 230, 0, 0.77%, 0, 0, 11, 1.37
1586575466, 54, 17, 461, 230, 0, 0.77%, 0, 0, 11, 306.14
1586575561, 54, 20, 461, 229, 0, 0.77%, 0, 0, 11, 10.03
1586575591, 54, 28, 461, 229, 0, 0.77%, 0, 0, 11, 1.06
1586575607, 54, 47, 461, 229, 0, 0.77%, 0, 0, 11, 0.27
1586575612, 54, 55, 461, 229, 0, 0.77%, 0, 0, 11, 243.76
1586575620, 54, 67, 461, 229, 0, 0.77%, 0, 0, 11, 21.35
1586575627, 54, 72, 461, 229, 0, 0.77%, 0, 0, 11, 11.40
1586575651, 54, 76, 461, 229, 0, 0.77%, 0, 0, 11, 0.74
1586575677, 54, 86, 461, 229, 0, 0.77%, 0, 0, 11, 14.22
1586575710, 54, 87, 461, 229, 0, 0.77%, 0, 0, 11, 0.66
1586575727, 54, 91, 461, 229, 0, 0.77%, 0, 0, 11, 0.76
1586575732, 54, 92, 461, 229, 0, 0.77%, 0, 0, 11, 285.51
1586575863, 54, 95, 461, 228, 0, 0.77%, 0, 0, 11, 0.09
1586575873, 54, 107, 461, 228, 0, 0.77%, 0, 0, 11, 15.98
1586575896, 54, 120, 461, 228, 0, 0.77%, 0, 0, 11, 1.52
1586575902, 54, 123, 461, 228, 0, 0.77%, 0, 0, 11, 14.74
1586575926, 54, 132, 461, 228, 0, 0.77%, 0, 0, 11, 1.28
1586575933, 54, 141, 461, 228, 0, 0.77%, 0, 0, 11, 10.75
1586575938, 54, 156, 461, 228, 0, 0.77%, 0, 0, 11, 263.25
1586575960, 54, 160, 461, 228, 0, 0.77%, 0, 0, 11, 1.58
1586575965, 54, 167, 461, 228, 0, 0.77%, 0, 0, 11, 263.24
1586575993, 54, 178, 461, 228, 0, 0.77%, 0, 0, 11, 3.80
1586575999, 54, 180, 461, 228, 0, 0.77%, 0, 0, 11, 1.34
1586576021, 54, 183, 461, 228, 0, 0.77%, 0, 0, 11, 2.29
1586576026, 54, 184, 461, 228, 0, 0.77%, 0, 0, 11, 244.52
1586576043, 54, 185, 461, 228, 0, 0.77%, 0, 0, 11, 2.09
1586576050, 54, 190, 461, 228, 0, 0.77%, 0, 0, 11, 14.60
1586576055, 54, 231, 461, 228, 0, 0.77%, 0, 0, 11, 256.83
1586576082, 54, 232, 461, 228, 0, 0.77%, 0, 0, 11, 16.47
1586576110, 54, 233, 461, 228, 0, 0.77%, 0, 0, 11, 10.69
1586576115, 54, 245, 461, 228, 0, 0.77%, 0, 0, 11, 2.84
1586576122, 54, 258, 461, 228, 0, 0.77%, 0, 0, 11, 3.16
1586576149, 54, 264, 461, 228, 0, 0.77%, 0, 0, 11, 254.72
1586576156, 54, 270, 461, 228, 0, 0.77%, 0, 0, 11, 13.79
1586576161, 54, 315, 461, 228, 0, 0.77%, 0, 0, 11, 275.16
1586576166, 54, 327, 461, 228, 0, 0.77%, 0, 0, 11, 267.97
1586576172, 54, 331, 461, 228, 0, 0.77%, 0, 0, 11, 42.87
1586576219, 54, 335, 461, 228, 0, 0.77%, 0, 0, 11, 0.76
1586576225, 54, 354, 461, 228, 0, 0.77%, 0, 0, 11, 2.73
1586576260, 54, 359, 461, 228, 0, 0.77%, 0, 0, 11, 0.30
1586576265, 54, 367, 461, 228, 0, 0.77%, 0, 0, 11, 260.63
1586576270, 54, 373, 461, 228, 0, 0.77%, 0, 0, 11, 38.51
1586576275, 54, 445, 461, 228, 0, 0.77%, 0, 0, 11, 279.53
1586576331, 55, 0, 461, 228, 0, 0.77%, 0, 0, 11, 1.04
1586576340, 55, 8, 461, 228, 0, 0.77%, 0, 0, 11, 11.50
1586576346, 55, 28, 461, 228, 0, 0.77%, 0, 0, 11, 17.76
1586576351, 55, 47, 461, 228, 0, 0.77%, 0, 0, 11, 8.30
1586576367, 55, 61, 461, 228, 0, 0.77%, 0, 0, 11, 200.88
1586576373, 55, 72, 461, 228, 0, 0.77%, 0, 0, 11, 248.45
1586576378, 55, 81, 461, 228, 0, 0.77%, 0, 0, 11, 13.15
1586576384, 55, 86, 461, 228, 0, 0.77%, 0, 0, 11, 10.36
1586576419, 55, 107, 461, 228, 0, 0.77%, 0, 0, 11, 235.15
1586576426, 55, 125, 461, 228, 0, 0.77%, 0, 0, 11, 22.54
1586576471, 55, 141, 461, 228, 0, 0.77%, 0, 0, 11, 1.26
1586576503, 55, 149, 461, 228, 0, 0.77%, 0, 0, 11, 1.29
1586576509, 55, 156, 461, 228, 0, 0.77%, 0, 0, 11, 16.80
1586576536, 55, 160, 461, 228, 0, 0.77%, 0, 0, 11, 11.42
1586576543, 55, 164, 461, 228, 0, 0.77%, 0, 0, 11, 23.78
1586576549, 55, 173, 461, 228, 0, 0.77%, 0, 0, 11, 17.67
1586576555, 55, 178, 461, 228, 0, 0.77%, 0, 0, 11, 4.47
1586576562, 55, 183, 461, 228, 0, 0.77%, 0, 0, 11, 14.19
1586576567, 55, 186, 461, 228, 0, 0.77%, 0, 0, 11, 266.32
1586576573, 55, 193, 461, 228, 0, 0.77%, 0, 0, 11, 7.05
1586576596, 55, 231, 461, 228, 0, 0.77%, 0, 0, 11, 1.08
1586576602, 55, 233, 461, 228, 0, 0.77%, 0, 0, 11, 246.51
1586576607, 55, 245, 461, 228, 0, 0.77%, 0, 0, 11, 272.57
1586576630, 55, 246, 461, 228, 0, 0.77%, 0, 0, 11, 2.10
1586576657, 55, 257, 461, 228, 0, 0.77%, 0, 0, 11, 9.21
1586576664, 55, 258, 461, 228, 0, 0.77%, 0, 0, 11, 9.61
1586576700, 55, 263, 461, 228, 0, 0.77%, 0, 0, 11, 0.43
1586576731, 55, 265, 461, 228, 0, 0.77%, 0, 0, 11, 1.37
1586576756, 55, 311, 461, 228, 0, 0.77%, 0, 0, 11, 250.03
1586576791, 55, 327, 461, 228, 0, 0.77%, 0, 0, 11, 265.40
1586576797, 55, 338, 461, 228, 0, 0.77%, 0, 0, 11, 46.95
1586576803, 55, 352, 461, 228, 0, 0.77%, 0, 0, 11, 308.23
1586576950, 55, 359, 461, 227, 0, 0.77%, 0, 0, 11, 264.23
1586576955, 55, 373, 461, 227, 0, 0.77%, 0, 0, 11, 276.54
1586576960, 55, 434, 461, 227, 0, 0.77%, 0, 0, 11, 277.23
1586576984, 56, 0, 461, 227, 0, 0.77%, 0, 0, 11, 1.13
1586576989, 56, 20, 461, 227, 0, 0.77%, 0, 0, 11, 282.53
1586576994, 56, 26, 461, 227, 0, 0.77%, 0, 0, 11, 290.89
1586577102, 56, 55, 461, 226, 0, 0.77%, 0, 0, 11, 267.63
1586577108, 56, 62, 461, 226, 0, 0.77%, 0, 0, 11, 250.83
1586577132, 56, 66, 461, 226, 0, 0.77%, 0, 0, 11, 0.33
1586577138, 56, 72, 461, 226, 0, 0.77%, 0, 0, 11, 250.86
1586577144, 56, 80, 461, 226, 0, 0.77%, 0, 0, 11, 20.40
1586577151, 56, 81, 461, 226, 0, 0.77%, 0, 0, 11, 19.25
