# unix_time, cycles_done, cur_path, paths_total, pending_total, pending_favs, map_size, unique_crashes, unique_hangs, max_depth, execs_per_sec
1586558335, 0, 0, 1, 1, 0, 0.16%, 0, 0, 1, 186.05
1586558340, 0, 0, 61, 61, 0, 0.29%, 0, 0, 2, 268.67
1586558345, 0, 0, 67, 67, 0, 0.30%, 0, 0, 2, 312.06
1586558350, 0, 0, 86, 86, 0, 0.34%, 0, 0, 2, 328.92
1586558361, 0, 0, 87, 87, 0, 0.35%, 0, 0, 2, 332.32
1586558366, 0, 0, 91, 91, 0, 0.36%, 0, 0, 2, 307.53
1586558371, 0, 0, 93, 93, 0, 0.36%, 0, 0, 2, 313.91
1586558391, 0, 0, 115, 115, 0, 0.41%, 0, 0, 2, 285.21
1586558397, 0, 0, 123, 123, 0, 0.43%, 0, 0, 2, 277.64
1586558402, 0, 0, 127, 127, 0, 0.43%, 0, 0, 2, 278.64
1586558425, 0, 0, 129, 129, 0, 0.44%, 0, 0, 2, 1.72
1586558430, 0, 0, 135, 135, 0, 0.45%, 0, 0, 2, 274.70
1586558440, 0, 0, 138, 138, 0, 0.45%, 0, 0, 2, 265.40
1586558462, 0, 0, 139, 139, 0, 0.45%, 0, 0, 2, 2.20
1586558467, 0, 0, 142, 142, 0, 0.46%, 0, 0, 2, 261.27
1586558477, 0, 0, 143, 143, 0, 0.46%, 0, 0, 2, 263.93
1586558482, 0, 0, 148, 148, 0, 0.47%, 0, 0, 2, 283.33
1586558487, 0, 0, 149, 149, 0, 0.47%, 0, 0, 2, 284.33
1586558492, 0, 0, 150, 150, 0, 0.47%, 0, 0, 2, 278.44
1586558497, 0, 0, 151, 151, 0, 0.47%, 0, 0, 2, 285.71
1586558502, 0, 0, 153, 153, 0, 0.47%, 0, 0, 2, 256.09
1586558508, 0, 0, 155, 155, 0, 0.47%, 0, 0, 2, 280.79
1586558513, 0, 0, 156, 156, 0, 0.47%, 0, 0, 2, 283.97
1586558523, 0, 0, 157, 157, 0, 0.47%, 0, 0, 2, 290.65
1586558528, 0, 0, 158, 158, 0, 0.47%, 0, 0, 2, 279.34
1586558533, 0, 0, 160, 160, 0, 0.47%, 0, 0, 2, 288.72
1586558538, 0, 0, 161, 161, 0, 0.47%, 0, 0, 2, 290.36
1586558544, 0, 0, 162, 162, 0, 0.47%, 0, 0, 2, 291.86
1586558554, 0, 1, 162, 161, 45, 0.47%, 0, 0, 2, 321.31
1586558605, 0, 3, 167, 165, 44, 0.47%, 0, 0, 3, 11.34
1586558610, 0, 3, 170, 168, 44, 0.47%, 0, 0, 3, 322.01
1586558615, 0, 3, 175, 173, 44, 0.51%, 0, 0, 3, 314.39
1586558651, 0, 3, 177, 175, 44, 0.51%, 0, 0, 3, 311.10
1586558656, 0, 3, 180, 178, 44, 0.52%, 0, 0, 3, 292.53
1586558662, 0, 3, 182, 180, 44, 0.52%, 0, 0, 3, 289.60
1586558667, 0, 3, 183, 181, 44, 0.52%, 0, 0, 3, 292.28
1586558672, 0, 3, 185, 183, 44, 0.52%, 0, 0, 3, 292.80
1586558706, 0, 3, 189, 187, 44, 0.52%, 0, 0, 3, 249.87
1586558741, 0, 3, 190, 188, 44, 0.52%, 0, 0, 3, 267.15
1586558751, 0, 3, 191, 189, 44, 0.52%, 0, 0, 3, 294.53
1586558776, 0, 3, 192, 190, 44, 0.52%, 0, 0, 3, 284.57
1586558781, 0, 3, 193, 191, 44, 0.52%, 0, 0, 3, 291.03
1586558786, 0, 3, 194, 192, 44, 0.52%, 0, 0, 3, 280.68
1586558807, 0, 6, 195, 192, 50, 0.52%, 0, 0, 3, 291.32
1586558858, 0, 6, 196, 193, 50, 0.54%, 0, 0, 3, 295.74
1586558863, 0, 20, 196, 192, 51, 0.54%, 0, 0, 3, 316.44
1586558915, 0, 28, 198, 193, 50, 0.56%, 0, 0, 3, 302.94
1586558920, 0, 28, 199, 194, 50, 0.56%, 0, 0, 3, 305.94
1586558925, 0, 28, 200, 195, 50, 0.56%, 0, 0, 3, 304.62
1586558971, 0, 44, 200, 194, 52, 0.56%, 0, 0, 3, 305.92
1586559027, 0, 45, 200, 193, 52, 0.56%, 0, 0, 3, 275.58
1586559089, 0, 47, 200, 192, 52, 0.56%, 0, 0, 3, 313.25
1586559166, 0, 49, 200, 191, 51, 0.56%, 0, 0, 3, 304.84
1586559223, 0, 49, 201, 192, 51, 0.56%, 0, 0, 3, 308.54
1586559228, 0, 49, 202, 193, 51, 0.56%, 0, 0, 3, 272.03
1586559238, 0, 58, 202, 192, 50, 0.56%, 0, 0, 3, 271.03
1586559300, 0, 59, 202, 191, 49, 0.56%, 0, 0, 3, 311.92
1586559351, 0, 63, 202, 190, 48, 0.56%, 0, 0, 3, 316.61
1586559356, 0, 63, 203, 191, 48, 0.57%, 0, 0, 3, 317.21
1586559402, 0, 64, 203, 190, 47, 0.57%, 0, 0, 3, 321.03
1586559454, 0, 66, 203, 189, 46, 0.57%, 0, 0, 3, 306.99
1586559510, 0, 69, 203, 188, 45, 0.57%, 0, 0, 3, 319.67
1586559556, 0, 69, 204, 189, 45, 0.57%, 0, 0, 3, 304.49
1586559561, 0, 73, 204, 188, 44, 0.57%, 0, 0, 3, 319.18
1586559566, 0, 73, 205, 189, 44, 0.57%, 0, 0, 3, 323.54
1586559612, 0, 75, 206, 189, 43, 0.57%, 0, 0, 3, 307.75
1586559617, 0, 77, 206, 188, 42, 0.57%, 0, 0, 3, 318.78
1586559627, 0, 77, 207, 189, 42, 0.58%, 0, 0, 3, 287.61
1586559673, 0, 78, 207, 188, 41, 0.58%, 0, 0, 3, 323.79
1586559725, 0, 83, 207, 187, 40, 0.58%, 0, 0, 3, 307.51
1586559805, 0, 84, 207, 186, 39, 0.58%, 0, 0, 3, 287.46
1586559861, 0, 85, 207, 185, 38, 0.58%, 0, 0, 3, 314.49
1586559912, 0, 85, 208, 186, 38, 0.58%, 0, 0, 3, 304.05
1586559922, 0, 88, 208, 184, 36, 0.58%, 0, 0, 3, 312.83
1586559979, 0, 99, 208, 183, 35, 0.58%, 0, 0, 3, 311.15
1586559984, 0, 99, 210, 185, 35, 0.58%, 0, 0, 3, 323.23
1586560004, 0, 99, 212, 187, 35, 0.58%, 0, 0, 3, 299.91
1586560035, 0, 99, 213, 188, 35, 0.58%, 0, 0, 3, 284.32
1586560040, 0, 103, 213, 187, 35, 0.58%, 0, 0, 3, 300.88
1586560045, 0, 104, 214, 187, 34, 0.58%, 0, 0, 3, 279.49
1586560096, 0, 105, 214, 186, 33, 0.58%, 0, 0, 3, 311.86
1586560132, 0, 105, 216, 188, 33, 0.58%, 0, 0, 3, 292.19
1586560142, 0, 119, 216, 187, 32, 0.58%, 0, 0, 3, 284.06
1586560147, 0, 119, 217, 188, 32, 0.59%, 0, 0, 3, 280.75
1586560157, 0, 120, 220, 190, 31, 0.59%, 0, 0, 3, 285.27
1586560163, 0, 120, 221, 191, 31, 0.59%, 0, 0, 3, 288.08
1586560178, 0, 120, 227, 197, 31, 0.59%, 0, 0, 3, 287.13
1586560188, 0, 120, 228, 198, 31, 0.59%, 0, 0, 3, 317.78
1586560193, 0, 120, 229, 199, 31, 0.59%, 0, 0, 3, 306.93
1586560214, 0, 120, 231, 201, 31, 0.59%, 0, 0, 3, 301.30
1586560219, 0, 121, 231, 200, 33, 0.59%, 0, 0, 3, 307.48
1586560285, 0, 122, 231, 199, 32, 0.59%, 0, 0, 3, 319.48
1586560341, 0, 123, 231, 198, 31, 0.59%, 0, 0, 3, 314.66
1586560403, 0, 127, 231, 197, 30, 0.59%, 0, 0, 3, 318.57
1586560459, 0, 131, 231, 196, 29, 0.59%, 0, 0, 3, 324.66
1586560505, 0, 133, 232, 196, 29, 0.59%, 0, 0, 3, 321.54
1586560525, 0, 133, 236, 200, 29, 0.62%, 0, 0, 3, 318.92
1586560530, 0, 133, 242, 206, 29, 0.62%, 0, 0, 3, 322.24
1586560566, 0, 138, 244, 207, 31, 0.62%, 0, 0, 3, 303.15
1586560622, 0, 139, 245, 207, 30, 0.62%, 0, 0, 3, 314.29
1586560638, 0, 142, 247, 208, 29, 0.62%, 0, 0, 3, 303.52
1586560643, 0, 142, 250, 211, 29, 0.64%, 0, 0, 3, 313.74
1586560648, 0, 142, 258, 219, 29, 0.64%, 0, 0, 3, 313.81
1586560653, 0, 142, 259, 220, 29, 0.64%, 0, 0, 3, 321.72
1586560689, 0, 148, 261, 221, 31, 0.64%, 0, 0, 3, 298.72
1586560699, 0, 148, 263, 223, 31, 0.64%, 0, 0, 3, 323.87
1586560709, 0, 148, 265, 225, 31, 0.64%, 0, 0, 3, 269.49
1586560761, 0, 149, 265, 224, 31, 0.64%, 0, 0, 3, 258.66
1586560766, 0, 151, 265, 223, 30, 0.64%, 0, 0, 3, 290.97
1586560827, 0, 165, 265, 222, 29, 0.64%, 0, 0, 3, 272.99
1586560894, 0, 167, 265, 221, 28, 0.64%, 0, 0, 3, 54.15
1586560987, 0, 171, 268, 223, 27, 0.64%, 0, 0, 4, 153.96
1586560992, 0, 171, 269, 224, 27, 0.64%, 0, 0, 4, 49.79
1586561002, 0, 171, 275, 230, 27, 0.64%, 0, 0, 4, 274.94
1586561018, 0, 171, 276, 231, 27, 0.64%, 0, 0, 4, 306.38
1586561044, 0, 171, 279, 234, 27, 0.64%, 0, 0, 4, 297.74
1586561049, 0, 171, 280, 235, 27, 0.64%, 0, 0, 4, 308.62
1586561059, 0, 174, 280, 234, 29, 0.64%, 0, 0, 4, 261.31
1586561131, 0, 176, 280, 233, 28, 0.64%, 0, 0, 4, 323.11
1586561156, 0, 176, 281, 234, 28, 0.65%, 0, 0, 4, 311.35
1586561162, 0, 178, 281, 233, 27, 0.65%, 0, 0, 4, 311.81
1586561167, 0, 179, 284, 235, 26, 0.65%, 0, 0, 4, 319.06
1586561172, 0, 188, 284, 234, 25, 0.65%, 0, 0, 4, 325.72
1586561202, 0, 191, 284, 233, 24, 0.65%, 0, 0, 4, 316.07
1586561259, 0, 193, 284, 232, 23, 0.65%, 0, 0, 4, 323.00
1586561264, 0, 193, 285, 233, 23, 0.65%, 0, 0, 4, 306.83
1586561276, 0, 197, 285, 232, 22, 0.65%, 0, 0, 4, 310.85
1586561332, 0, 202, 286, 232, 21, 0.65%, 0, 0, 4, 319.87
1586561337, 0, 202, 288, 234, 21, 0.65%, 0, 0, 4, 328.22
1586561383, 0, 202, 289, 235, 21, 0.65%, 0, 0, 4, 311.14
1586561388, 0, 203, 290, 235, 21, 0.65%, 0, 0, 4, 302.41
1586561394, 0, 203, 291, 236, 21, 0.65%, 0, 0, 4, 291.42
1586561434, 0, 205, 294, 238, 21, 0.65%, 0, 0, 4, 320.17
1586561439, 0, 209, 295, 238, 21, 0.66%, 0, 0, 4, 317.03
1586561496, 0, 210, 295, 237, 20, 0.66%, 0, 0, 4, 307.81
1586561552, 0, 219, 295, 236, 19, 0.66%, 0, 0, 4, 296.62
1586561614, 0, 224, 295, 235, 18, 0.66%, 0, 0, 4, 303.77
1586561670, 0, 225, 295, 234, 17, 0.66%, 0, 0, 4, 312.33
1586561722, 0, 226, 295, 233, 16, 0.66%, 0, 0, 4, 321.07
1586561778, 0, 232, 295, 232, 15, 0.66%, 0, 0, 4, 310.28
1586561783, 0, 232, 307, 244, 15, 0.66%, 0, 0, 4, 322.05
1586561839, 0, 235, 307, 243, 15, 0.66%, 0, 0, 4, 283.87
1586561860, 0, 235, 308, 244, 15, 0.68%, 0, 0, 4, 325.85
1586561896, 0, 244, 309, 244, 14, 0.68%, 0, 0, 4, 53.76
1586561916, 0, 246, 310, 244, 14, 0.68%, 0, 0, 4, 318.03
1586561926, 0, 246, 311, 245, 14, 0.68%, 0, 0, 4, 329.60
1586561973, 0, 260, 312, 245, 14, 0.68%, 0, 0, 4, 323.34
1586561978, 0, 260, 313, 246, 14, 0.68%, 0, 0, 4, 327.96
1586562029, 0, 266, 313, 245, 14, 0.68%, 0, 0, 4, 312.13
1586562090, 0, 272, 313, 244, 13, 0.68%, 0, 0, 4, 310.61
1586562147, 0, 273, 313, 243, 12, 0.68%, 0, 0, 4, 313.95
1586562203, 0, 273, 314, 244, 12, 0.68%, 0, 0, 5, 297.13
1586562208, 0, 273, 315, 245, 12, 0.68%, 0, 0, 5, 296.52
1586562234, 0, 273, 316, 246, 12, 0.68%, 0, 0, 5, 294.34
1586562280, 0, 274, 316, 245, 11, 0.68%, 0, 0, 5, 330.09
1586562341, 0, 282, 317, 245, 10, 0.68%, 0, 0, 5, 314.44
1586562346, 0, 283, 317, 244, 9, 0.68%, 0, 0, 5, 297.38
1586562357, 0, 288, 319, 245, 8, 0.69%, 0, 0, 5, 320.70
1586562408, 0, 290, 320, 245, 8, 0.69%, 0, 0, 5, 313.82
1586562413, 0, 290, 321, 246, 8, 0.69%, 0, 0, 5, 326.74
1586562418, 0, 290, 322, 247, 8, 0.69%, 0, 0, 5, 333.00
1586562453, 0, 294, 323, 247, 8, 0.69%, 0, 0, 5, 306.29
1586562458, 0, 294, 325, 249, 8, 0.69%, 0, 0, 5, 308.38
1586562464, 0, 306, 325, 248, 8, 0.69%, 0, 0, 5, 293.77
1586562469, 0, 306, 326, 249, 8, 0.69%, 0, 0, 5, 323.02
1586562535, 0, 308, 326, 248, 8, 0.69%, 0, 0, 5, 305.12
1586562556, 0, 310, 326, 247, 7, 0.69%, 0, 0, 5, 276.48
1586562617, 0, 311, 326, 246, 6, 0.69%, 0, 0, 5, 273.79
1586562627, 0, 311, 328, 248, 6, 0.69%, 0, 0, 5, 302.68
1586562689, 0, 318, 328, 247, 6, 0.69%, 0, 0, 5, 309.25
1586562771, 0, 321, 328, 246, 5, 0.69%, 0, 0, 5, 273.96
1586562822, 0, 324, 329, 246, 4, 0.69%, 0, 0, 6, 303.60
1586562828, 0, 324, 330, 247, 4, 0.69%, 0, 0, 6, 290.23
1586562833, 0, 324, 331, 248, 4, 0.70%, 0, 0, 6, 292.20
1586562884, 0, 325, 331, 247, 4, 0.70%, 0, 0, 6, 310.78
1586562951, 0, 326, 333, 248, 3, 0.70%, 0, 0, 6, 310.24
1586563012, 0, 327, 333, 247, 3, 0.70%, 0, 0, 6, 239.29
1586563074, 0, 330, 333, 246, 2, 0.70%, 0, 0, 6, 309.18
1586563130, 0, 332, 334, 246, 1, 0.70%, 0, 0, 7, 318.26
1586563135, 0, 332, 335, 247, 1, 0.70%, 0, 0, 7, 327.11
1586563192, 0, 334, 335, 246, 1, 0.70%, 0, 0, 7, 318.27
1586563197, 0, 334, 336, 247, 1, 0.70%, 0, 0, 8, 326.24
1586563253, 0, 335, 337, 247, 1, 0.70%, 0, 0, 9, 314.21
1586563319, 0, 336, 337, 246, 1, 0.70%, 0, 0, 9, 318.81
1586563386, 1, 47, 337, 245, 0, 0.70%, 0, 0, 9, 296.95
1586563391, 1, 66, 337, 245, 0, 0.70%, 0, 0, 9, 295.77
1586563396, 1, 84, 337, 245, 0, 0.70%, 0, 0, 9, 287.09
1586563402, 1, 104, 337, 245, 0, 0.70%, 0, 0, 9, 294.21
1586563407, 1, 123, 337, 245, 0, 0.70%, 0, 0, 9, 298.58
1586563412, 1, 151, 337, 245, 0, 0.70%, 0, 0, 9, 293.95
1586563417, 1, 176, 337, 245, 0, 0.70%, 0, 0, 9, 290.74
1586563422, 1, 197, 337, 245, 0, 0.70%, 0, 0, 9, 291.55
1586563427, 1, 219, 337, 245, 0, 0.70%, 0, 0, 9, 283.75
1586563432, 1, 266, 337, 245, 0, 0.70%, 0, 0, 9, 294.02
1586563437, 1, 272, 338, 246, 0, 0.70%, 0, 0, 9, 296.33
1586563443, 1, 274, 338, 246, 0, 0.70%, 0, 0, 9, 297.73
1586563448, 1, 294, 338, 246, 0, 0.70%, 0, 0, 9, 287.02
1586563453, 1, 303, 338, 246, 0, 0.70%, 0, 0, 9, 318.05
1586563514, 1, 307, 346, 253, 0, 0.70%, 0, 0, 9, 316.62
1586563571, 1, 307, 347, 254, 0, 0.70%, 0, 0, 9, 302.73
1586563586, 1, 321, 347, 253, 0, 0.70%, 0, 0, 9, 300.61
1586563591, 1, 327, 347, 253, 0, 0.70%, 0, 0, 9, 296.88
1586563596, 1, 336, 347, 253, 0, 0.70%, 0, 0, 9, 295.02
1586563601, 2, 9, 347, 253, 0, 0.70%, 0, 0, 9, 311.43
1586563657, 2, 30, 347, 252, 0, 0.70%, 0, 0, 9, 313.02
1586563714, 2, 59, 347, 251, 0, 0.70%, 0, 0, 9, 299.51
1586563719, 2, 78, 347, 251, 0, 0.70%, 0, 0, 9, 299.32
1586563724, 2, 99, 347, 251, 0, 0.70%, 0, 0, 9, 291.36
1586563729, 2, 121, 347, 251, 0, 0.70%, 0, 0, 9, 295.03
1586563734, 2, 149, 347, 251, 0, 0.70%, 0, 0, 9, 299.64
1586563739, 2, 156, 347, 251, 0, 0.70%, 0, 0, 9, 332.98
1586563760, 2, 167, 347, 250, 0, 0.70%, 0, 0, 9, 305.01
1586563765, 2, 188, 347, 250, 0, 0.70%, 0, 0, 9, 302.78
1586563770, 2, 199, 347, 250, 0, 0.70%, 0, 0, 9, 310.34
1586563826, 2, 209, 347, 249, 0, 0.70%, 0, 0, 9, 307.19
1586563831, 2, 226, 347, 249, 0, 0.70%, 0, 0, 9, 299.68
1586563836, 2, 272, 347, 249, 0, 0.70%, 0, 0, 9, 298.98
1586563841, 2, 274, 347, 249, 0, 0.70%, 0, 0, 9, 293.26
1586563846, 2, 278, 347, 249, 0, 0.70%, 0, 0, 9, 316.64
1586563897, 2, 278, 348, 250, 0, 0.70%, 0, 0, 9, 307.65
1586563918, 2, 294, 348, 249, 0, 0.70%, 0, 0, 9, 296.45
1586563923, 2, 318, 348, 249, 0, 0.70%, 0, 0, 9, 282.33
1586563928, 2, 325, 348, 249, 0, 0.70%, 0, 0, 9, 285.34
1586563933, 2, 336, 348, 249, 0, 0.70%, 0, 0, 9, 296.99
1586563938, 3, 28, 348, 249, 0, 0.70%, 0, 0, 9, 300.36
1586563943, 3, 64, 348, 249, 0, 0.70%, 0, 0, 9, 298.59
1586563949, 3, 83, 348, 249, 0, 0.70%, 0, 0, 9, 296.46
1586563954, 3, 104, 348, 249, 0, 0.70%, 0, 0, 9, 300.13
1586563959, 3, 123, 348, 249, 0, 0.70%, 0, 0, 9, 297.87
1586563964, 3, 164, 348, 249, 0, 0.70%, 0, 0, 9, 296.19
1586564020, 3, 165, 348, 248, 0, 0.70%, 0, 0, 9, 312.97
1586564025, 3, 178, 348, 248, 0, 0.70%, 0, 0, 9, 297.49
1586564030, 3, 203, 348, 248, 0, 0.70%, 0, 0, 9, 297.64
1586564036, 3, 224, 348, 248, 0, 0.70%, 0, 0, 9, 301.42
1586564041, 3, 266, 348, 248, 0, 0.70%, 0, 0, 9, 301.72
1586564046, 3, 274, 348, 248, 0, 0.70%, 0, 0, 9, 295.82
1586564051, 3, 288, 349, 249, 0, 0.70%, 0, 0, 9, 303.41
1586564056, 3, 310, 349, 249, 0, 0.70%, 0, 0, 9, 296.16
1586564061, 3, 325, 349, 249, 0, 0.70%, 0, 0, 9, 299.86
1586564066, 3, 336, 349, 249, 0, 0.70%, 0, 0, 9, 302.39
1586564071, 4, 28, 349, 249, 0, 0.70%, 0, 0, 9, 296.59
1586564076, 4, 63, 349, 249, 0, 0.70%, 0, 0, 9, 296.59
1586564082, 4, 83, 349, 249, 0, 0.70%, 0, 0, 9, 295.83
1586564087, 4, 103, 349, 249, 0, 0.70%, 0, 0, 9, 299.02
1586564092, 4, 122, 349, 249, 0, 0.70%, 0, 0, 9, 295.04
1586564097, 4, 144, 349, 249, 0, 0.70%, 0, 0, 9, 310.03
1586564154, 4, 144, 350, 250, 0, 0.70%, 0, 0, 9, 300.46
1586564159, 4, 151, 350, 249, 0, 0.70%, 0, 0, 9, 295.72
1586564164, 4, 176, 350, 249, 0, 0.70%, 0, 0, 9, 292.96
1586564169, 4, 181, 350, 249, 0, 0.70%, 0, 0, 9, 311.81
1586564190, 4, 181, 351, 250, 0, 0.70%, 0, 0, 9, 300.04
1586564195, 4, 193, 351, 249, 0, 0.70%, 0, 0, 9, 293.02
1586564200, 4, 210, 351, 249, 0, 0.70%, 0, 0, 9, 289.67
1586564205, 4, 213, 351, 249, 0, 0.70%, 0, 0, 9, 328.98
1586564261, 4, 235, 351, 248, 0, 0.70%, 0, 0, 9, 299.21
1586564267, 4, 238, 351, 248, 0, 0.70%, 0, 0, 9, 308.29
1586564328, 4, 273, 351, 247, 0, 0.70%, 0, 0, 9, 289.16
1586564334, 4, 283, 351, 247, 0, 0.70%, 0, 0, 9, 293.71
1586564339, 4, 308, 351, 247, 0, 0.70%, 0, 0, 9, 273.99
1586564344, 4, 321, 351, 247, 0, 0.70%, 0, 0, 9, 268.36
1586564349, 4, 327, 351, 247, 0, 0.70%, 0, 0, 9, 272.48
1586564354, 4, 336, 351, 247, 0, 0.70%, 0, 0, 9, 265.55
1586564359, 5, 28, 351, 247, 0, 0.70%, 0, 0, 9, 291.84
1586564364, 5, 63, 351, 247, 0, 0.70%, 0, 0, 9, 297.78
1586564370, 5, 83, 351, 247, 0, 0.70%, 0, 0, 9, 298.87
1586564375, 5, 103, 351, 247, 0, 0.70%, 0, 0, 9, 303.67
1586564380, 5, 111, 351, 247, 0, 0.70%, 0, 0, 9, 317.54
1586564390, 5, 123, 351, 246, 0, 0.70%, 0, 0, 9, 260.21
1586564395, 5, 151, 351, 246, 0, 0.70%, 0, 0, 9, 253.87
1586564400, 5, 176, 351, 246, 0, 0.70%, 0, 0, 9, 279.23
1586564405, 5, 197, 351, 246, 0, 0.70%, 0, 0, 9, 262.26
1586564410, 5, 210, 351, 246, 0, 0.70%, 0, 0, 9, 257.88
1586564416, 5, 226, 351, 246, 0, 0.70%, 0, 0, 9, 260.62
1586564421, 5, 266, 351, 246, 0, 0.70%, 0, 0, 9, 266.38
1586564426, 5, 274, 351, 246, 0, 0.70%, 0, 0, 9, 275.49
1586564431, 5, 288, 351, 246, 0, 0.70%, 0, 0, 9, 258.53
1586564436, 5, 308, 351, 246, 0, 0.70%, 0, 0, 9, 270.69
1586564441, 5, 321, 351, 246, 0, 0.70%, 0, 0, 9, 285.85
1586564446, 5, 327, 351, 246, 0, 0.70%, 0, 0, 9, 294.69
1586564451, 5, 338, 351, 246, 0, 0.70%, 0, 0, 9, 299.85
1586564477, 5, 338, 352, 247, 0, 0.70%, 0, 0, 9, 303.73
1586564533, 5, 338, 353, 248, 0, 0.70%, 0, 0, 9, 241.34
1586564580, 6, 3, 353, 247, 0, 0.70%, 0, 0, 9, 257.98
1586564585, 6, 49, 353, 247, 0, 0.70%, 0, 0, 9, 266.19
1586564590, 6, 59, 353, 247, 0, 0.70%, 0, 0, 9, 209.95
1586564595, 6, 75, 353, 247, 0, 0.70%, 0, 0, 9, 262.76
1586564600, 6, 85, 353, 247, 0, 0.70%, 0, 0, 9, 277.08
1586564605, 6, 104, 353, 247, 0, 0.70%, 0, 0, 9, 282.48
1586564610, 6, 122, 353, 247, 0, 0.70%, 0, 0, 9, 286.68
1586564615, 6, 143, 353, 247, 0, 0.70%, 0, 0, 9, 299.68
1586564641, 6, 151, 353, 246, 0, 0.70%, 0, 0, 9, 260.11
1586564646, 6, 174, 353, 246, 0, 0.70%, 0, 0, 9, 26.14
1586564651, 6, 191, 353, 246, 0, 0.70%, 0, 0, 9, 262.83
1586564656, 6, 209, 353, 246, 0, 0.70%, 0, 0, 9, 275.37
1586564661, 6, 224, 353, 246, 0, 0.70%, 0, 0, 9, 266.69
1586564666, 6, 242, 353, 246, 0, 0.70%, 0, 0, 9, 273.46
1586564723, 6, 242, 354, 247, 0, 0.70%, 0, 0, 9, 292.03
1586564733, 6, 248, 354, 246, 0, 0.70%, 0, 0, 9, 312.71
1586564789, 6, 266, 355, 246, 0, 0.70%, 0, 0, 9, 294.88
1586564794, 6, 274, 355, 246, 0, 0.70%, 0, 0, 9, 286.17
1586564799, 6, 277, 355, 246, 0, 0.70%, 0, 0, 9, 309.43
1586564861, 6, 290, 355, 245, 0, 0.70%, 0, 0, 9, 283.13
1586564866, 6, 318, 355, 245, 0, 0.70%, 0, 0, 9, 290.31
1586564871, 6, 325, 355, 245, 0, 0.70%, 0, 0, 9, 289.40
1586564876, 6, 336, 355, 245, 0, 0.70%, 0, 0, 9, 292.07
1586564881, 6, 349, 356, 246, 0, 0.70%, 0, 0, 9, 308.93
1586564912, 7, 3, 356, 245, 0, 0.70%, 0, 0, 9, 286.92
1586564917, 7, 39, 356, 245, 0, 0.70%, 0, 0, 9, 303.19
1586564973, 7, 58, 356, 244, 0, 0.70%, 0, 0, 9, 300.19
1586564978, 7, 77, 356, 244, 0, 0.70%, 0, 0, 9, 298.33
1586564983, 7, 88, 356, 244, 0, 0.70%, 0, 0, 9, 22.42
1586564989, 7, 120, 356, 244, 0, 0.70%, 0, 0, 9, 296.49
1586564994, 7, 138, 356, 244, 0, 0.70%, 0, 0, 9, 295.16
1586564999, 7, 171, 356, 244, 0, 0.70%, 0, 0, 9, 294.69
1586565004, 7, 190, 356, 244, 0, 0.70%, 0, 0, 9, 297.29
1586565024, 7, 209, 356, 243, 0, 0.70%, 0, 0, 9, 291.49
1586565030, 7, 225, 356, 243, 0, 0.70%, 0, 0, 9, 292.34
1586565035, 7, 254, 356, 243, 0, 0.70%, 0, 0, 9, 295.28
1586565091, 7, 266, 356, 242, 0, 0.70%, 0, 0, 9, 293.76
1586565096, 7, 274, 356, 242, 0, 0.70%, 0, 0, 9, 298.96
1586565101, 7, 294, 356, 242, 0, 0.70%, 0, 0, 9, 292.48
1586565106, 7, 318, 356, 242, 0, 0.70%, 0, 0, 9, 292.26
1586565112, 7, 325, 356, 242, 0, 0.70%, 0, 0, 9, 302.22
1586565117, 7, 329, 356, 242, 0, 0.70%, 0, 0, 9, 308.77
1586565173, 7, 336, 356, 241, 0, 0.70%, 0, 0, 9, 291.61
1586565178, 8, 3, 356, 241, 0, 0.70%, 0, 0, 9, 293.50
1586565184, 8, 28, 356, 241, 0, 0.70%, 0, 0, 9, 276.08
1586565189, 8, 47, 356, 241, 0, 0.70%, 0, 0, 9, 288.27
1586565194, 8, 49, 356, 241, 0, 0.70%, 0, 0, 9, 291.49
1586565199, 8, 53, 356, 241, 0, 0.70%, 0, 0, 9, 320.84
1586565256, 8, 58, 356, 240, 0, 0.70%, 0, 0, 9, 293.23
1586565261, 8, 64, 356, 240, 0, 0.70%, 0, 0, 9, 286.36
1586565266, 8, 69, 356, 240, 0, 0.70%, 0, 0, 9, 302.65
1586565271, 8, 77, 357, 241, 0, 0.72%, 0, 0, 9, 293.61
1586565276, 8, 83, 357, 241, 1, 0.72%, 0, 0, 9, 291.83
1586565281, 8, 85, 357, 241, 1, 0.72%, 0, 0, 9, 277.20
1586565286, 8, 99, 357, 241, 1, 0.72%, 0, 0, 9, 286.26
1586565292, 8, 104, 358, 242, 1, 0.72%, 0, 0, 9, 286.13
1586565297, 8, 119, 358, 242, 1, 0.72%, 0, 0, 9, 295.65
1586565302, 8, 121, 358, 242, 1, 0.72%, 0, 0, 9, 283.49
1586565307, 8, 123, 358, 242, 1, 0.72%, 0, 0, 9, 289.95
1586565312, 8, 138, 358, 242, 1, 0.72%, 0, 0, 9, 272.46
1586565317, 8, 149, 358, 242, 1, 0.72%, 0, 0, 9, 291.21
1586565322, 8, 165, 358, 242, 1, 0.72%, 0, 0, 9, 296.91
1586565327, 8, 171, 358, 242, 1, 0.72%, 0, 0, 9, 288.88
1586565332, 8, 174, 358, 242, 1, 0.72%, 0, 0, 9, 274.07
1586565338, 8, 179, 358, 242, 1, 0.72%, 0, 0, 9, 274.70
1586565343, 8, 191, 358, 242, 1, 0.72%, 0, 0, 9, 276.76
1586565348, 8, 195, 358, 242, 1, 0.72%, 0, 0, 9, 298.02
1586565404, 8, 197, 359, 242, 1, 0.72%, 0, 0, 9, 294.40
1586565409, 8, 198, 359, 242, 1, 0.72%, 0, 0, 9, 304.13
1586565471, 8, 199, 359, 241, 1, 0.72%, 0, 0, 9, 294.22
1586565476, 8, 209, 359, 241, 1, 0.72%, 0, 0, 9, 295.05
1586565481, 8, 210, 359, 241, 1, 0.72%, 0, 0, 9, 295.70
1586565486, 8, 224, 359, 241, 1, 0.72%, 0, 0, 9, 296.47
1586565491, 8, 226, 359, 241, 1, 0.72%, 0, 0, 9, 298.86
1586565496, 8, 235, 359, 241, 1, 0.72%, 0, 0, 9, 293.55
1586565501, 8, 242, 359, 241, 1, 0.72%, 0, 0, 9, 298.01
1586565507, 8, 266, 359, 241, 1, 0.72%, 0, 0, 9, 293.17
1586565532, 8, 272, 359, 241, 1, 0.72%, 0, 0, 9, 2.69
1586565537, 8, 273, 359, 241, 1, 0.72%, 0, 0, 9, 275.91
1586565542, 8, 274, 359, 241, 1, 0.72%, 0, 0, 9, 294.36
1586565553, 8, 283, 359, 241, 1, 0.72%, 0, 0, 9, 294.98
1586565558, 8, 290, 359, 241, 1, 0.72%, 0, 0, 9, 294.48
1586565563, 8, 308, 359, 241, 1, 0.72%, 0, 0, 9, 297.57
1586565568, 8, 310, 359, 241, 1, 0.72%, 0, 0, 9, 299.82
1586565573, 8, 318, 359, 241, 1, 0.72%, 0, 0, 9, 291.40
1586565578, 8, 321, 359, 241, 1, 0.72%, 0, 0, 9, 297.37
1586565583, 8, 325, 359, 241, 1, 0.72%, 0, 0, 9, 299.49
1586565593, 8, 327, 359, 241, 1, 0.72%, 0, 0, 9, 297.29
1586565598, 8, 336, 359, 241, 1, 0.72%, 0, 0, 9, 295.68
1586565609, 8, 356, 364, 246, 1, 0.73%, 0, 0, 9, 312.89
1586565614, 8, 356, 365, 247, 1, 0.74%, 0, 0, 9, 320.55
1586565619, 8, 356, 368, 250, 1, 0.74%, 0, 0, 9, 325.09
1586565629, 8, 356, 369, 251, 1, 0.74%, 0, 0, 9, 296.78
1586565639, 8, 356, 370, 252, 1, 0.74%, 0, 0, 9, 296.61
1586565690, 8, 364, 372, 253, 1, 0.74%, 0, 0, 9, 303.81
1586565696, 8, 364, 374, 255, 1, 0.75%, 0, 0, 9, 319.56
1586565752, 8, 373, 375, 255, 1, 0.75%, 0, 0, 9, 294.47
1586565757, 8, 373, 376, 256, 1, 0.75%, 0, 0, 9, 308.46
1586565818, 8, 375, 377, 256, 1, 0.75%, 0, 0, 9, 304.46
1586565839, 8, 375, 378, 257, 1, 0.75%, 0, 0, 9, 302.58
1586565910, 8, 376, 378, 256, 2, 0.75%, 0, 0, 9, 311.01
1586565971, 8, 377, 378, 255, 1, 0.75%, 0, 0, 9, 318.45
1586565977, 8, 377, 379, 256, 1, 0.76%, 0, 0, 9, 334.61
1586566020, 8, 377, 380, 257, 1, 0.76%, 0, 0, 9, 294.42
1586566030, 8, 377, 381, 258, 1, 0.76%, 0, 0, 9, 295.30
1586566045, 8, 377, 382, 259, 1, 0.76%, 0, 0, 9, 292.85
1586566117, 8, 377, 383, 260, 1, 0.76%, 0, 0, 9, 300.19
1586566127, 8, 378, 384, 260, 1, 0.76%, 0, 0, 9, 328.76
1586566153, 8, 378, 385, 261, 1, 0.76%, 0, 0, 9, 267.53
1586566187, 8, 378, 386, 262, 1, 0.76%, 0, 0, 9, 284.65
1586566279, 9, 1, 386, 261, 0, 0.76%, 0, 0, 9, 252.57
1586566285, 9, 20, 386, 261, 0, 0.76%, 0, 0, 9, 245.21
1586566290, 9, 28, 386, 261, 0, 0.76%, 0, 0, 9, 243.38
1586566295, 9, 47, 386, 261, 0, 0.76%, 0, 0, 9, 252.61
1586566300, 9, 58, 386, 261, 0, 0.76%, 0, 0, 9, 252.28
1586566305, 9, 59, 386, 261, 0, 0.76%, 0, 0, 9, 249.75
1586566310, 9, 66, 386, 261, 0, 0.76%, 0, 0, 9, 246.44
1586566315, 9, 73, 386, 261, 0, 0.76%, 0, 0, 9, 275.00
1586566321, 9, 78, 386, 261, 0, 0.76%, 0, 0, 9, 278.48
1586566326, 9, 83, 386, 261, 0, 0.76%, 0, 0, 9, 222.45
1586566331, 9, 84, 386, 261, 0, 0.76%, 0, 0, 9, 250.05
1586566336, 9, 85, 386, 261, 0, 0.76%, 0, 0, 9, 159.51
1586566341, 9, 88, 386, 261, 0, 0.76%, 0, 0, 9, 263.68
1586566346, 9, 99, 386, 261, 0, 0.76%, 0, 0, 9, 210.55
1586566351, 9, 103, 386, 261, 0, 0.76%, 0, 0, 9, 76.21
1586566356, 9, 105, 386, 261, 0, 0.76%, 0, 0, 9, 152.27
1586566361, 9, 119, 386, 261, 0, 0.76%, 0, 0, 9, 214.82
1586566367, 9, 120, 386, 261, 0, 0.76%, 0, 0, 9, 274.78
1586566372, 9, 121, 386, 261, 0, 0.76%, 0, 0, 9, 235.64
1586566377, 9, 123, 386, 261, 0, 0.76%, 0, 0, 9, 230.46
1586566382, 9, 128, 386, 261, 0, 0.76%, 0, 0, 9, 249.13
1586566448, 9, 138, 386, 260, 0, 0.76%, 0, 0, 9, 262.62
1586566453, 9, 139, 386, 260, 0, 0.76%, 0, 0, 9, 254.87
1586566458, 9, 151, 386, 260, 0, 0.76%, 0, 0, 9, 258.04
1586566463, 9, 167, 386, 260, 0, 0.76%, 0, 0, 9, 281.77
1586566468, 9, 171, 386, 260, 0, 0.76%, 0, 0, 9, 279.03
1586566474, 9, 176, 386, 260, 0, 0.76%, 0, 0, 9, 290.11
1586566479, 9, 186, 386, 260, 0, 0.76%, 0, 0, 9, 285.60
1586566499, 9, 188, 386, 259, 0, 0.76%, 0, 0, 9, 299.10
1586566504, 9, 193, 386, 259, 0, 0.76%, 0, 0, 9, 290.86
1586566510, 9, 197, 386, 259, 0, 0.76%, 0, 0, 9, 294.81
1586566515, 9, 209, 386, 259, 0, 0.76%, 0, 0, 9, 283.97
1586566520, 9, 210, 386, 259, 0, 0.76%, 0, 0, 9, 281.03
1586566525, 9, 219, 386, 259, 0, 0.76%, 0, 0, 9, 271.64
1586566530, 9, 225, 386, 259, 0, 0.76%, 0, 0, 9, 271.29
1586566535, 9, 234, 386, 259, 0, 0.76%, 0, 0, 9, 276.89
1586566607, 9, 237, 386, 258, 0, 0.76%, 0, 0, 9, 286.60
1586566680, 9, 266, 386, 257, 0, 0.76%, 0, 0, 9, 294.41
1586566690, 9, 273, 386, 257, 0, 0.76%, 0, 0, 9, 297.97
1586566700, 9, 274, 386, 257, 0, 0.76%, 0, 0, 9, 296.25
1586566706, 9, 283, 386, 257, 0, 0.76%, 0, 0, 9, 291.30
1586566711, 9, 290, 386, 257, 0, 0.76%, 0, 0, 9, 286.39
1586566716, 9, 308, 386, 257, 0, 0.76%, 0, 0, 9, 290.28
1586566726, 9, 310, 386, 257, 0, 0.76%, 0, 0, 9, 274.92
1586566732, 9, 321, 386, 257, 0, 0.76%, 0, 0, 9, 282.74
1586566737, 9, 324, 386, 257, 0, 0.76%, 0, 0, 9, 288.16
1586566742, 9, 325, 386, 257, 0, 0.76%, 0, 0, 9, 295.96
1586566747, 9, 327, 386, 257, 0, 0.76%, 0, 0, 9, 298.72
1586566752, 9, 330, 386, 257, 0, 0.76%, 0, 0, 9, 291.67
1586566757, 9, 336, 386, 257, 0, 0.76%, 0, 0, 9, 291.00
1586566762, 9, 341, 386, 257, 0, 0.76%, 0, 0, 9, 300.09
1586566850, 9, 356, 386, 256, 0, 0.76%, 0, 0, 9, 296.75
1586566860, 9, 364, 386, 256, 0, 0.76%, 0, 0, 9, 293.38
1586566880, 9, 373, 386, 256, 0, 0.76%, 0, 0, 9, 284.92
1586566909, 9, 376, 386, 256, 0, 0.76%, 0, 0, 9, 3.33
1586566950, 9, 378, 386, 256, 0, 0.76%, 0, 0, 9, 258.28
1586566980, 10, 0, 386, 256, 0, 0.76%, 0, 0, 9, 292.73
1586566985, 10, 16, 386, 256, 0, 0.76%, 0, 0, 9, 290.65
1586567047, 10, 28, 386, 255, 0, 0.76%, 0, 0, 9, 293.78
1586567052, 10, 47, 386, 255, 0, 0.76%, 0, 0, 9, 293.32
1586567057, 10, 49, 386, 255, 0, 0.76%, 0, 0, 9, 73.49
1586567062, 10, 59, 386, 255, 0, 0.76%, 0, 0, 9, 249.16
1586567067, 10, 66, 386, 255, 0, 0.76%, 0, 0, 9, 278.90
1586567073, 10, 77, 386, 255, 0, 0.76%, 0, 0, 9, 285.89
1586567078, 10, 83, 386, 255, 0, 0.76%, 0, 0, 9, 283.91
1586567083, 10, 85, 386, 255, 0, 0.76%, 0, 0, 9, 279.17
1586567088, 10, 99, 386, 255, 0, 0.76%, 0, 0, 9, 287.03
1586567093, 10, 101, 386, 255, 0, 0.76%, 0, 0, 9, 297.40
1586567155, 10, 105, 386, 254, 0, 0.76%, 0, 0, 9, 293.14
1586567160, 10, 120, 386, 254, 0, 0.76%, 0, 0, 9, 286.90
1586567165, 10, 121, 386, 254, 0, 0.76%, 0, 0, 9, 282.29
1586567170, 10, 123, 386, 254, 0, 0.76%, 0, 0, 9, 292.25
1586567175, 10, 138, 386, 254, 0, 0.76%, 0, 0, 9, 287.68
1586567181, 10, 149, 386, 254, 0, 0.76%, 0, 0, 9, 294.40
1586567186, 10, 160, 386, 254, 0, 0.76%, 0, 0, 9, 310.80
1586567247, 10, 167, 386, 253, 0, 0.76%, 0, 0, 9, 268.60
1586567252, 10, 171, 386, 253, 0, 0.76%, 0, 0, 9, 281.57
1586567258, 10, 176, 386, 253, 0, 0.76%, 0, 0, 9, 285.32
1586567263, 10, 188, 386, 253, 0, 0.76%, 0, 0, 9, 284.94
1586567268, 10, 193, 386, 253, 0, 0.76%, 0, 0, 9, 278.05
1586567273, 10, 197, 386, 253, 0, 0.76%, 0, 0, 9, 282.45
1586567278, 10, 205, 386, 253, 0, 0.76%, 0, 0, 9, 289.50
1586567283, 10, 210, 386, 253, 0, 0.76%, 0, 0, 9, 291.57
1586567288, 10, 219, 386, 253, 0, 0.76%, 0, 0, 9, 291.74
1586567293, 10, 224, 386, 253, 0, 0.76%, 0, 0, 9, 287.92
1586567298, 10, 226, 386, 253, 0, 0.76%, 0, 0, 9, 281.05
1586567304, 10, 266, 386, 253, 0, 0.76%, 0, 0, 9, 278.57
1586567314, 10, 273, 386, 253, 0, 0.76%, 0, 0, 9, 292.17
1586567324, 10, 274, 386, 253, 0, 0.76%, 0, 0, 9, 291.95
1586567329, 10, 283, 386, 253, 0, 0.76%, 0, 0, 9, 296.71
1586567334, 10, 290, 386, 253, 0, 0.76%, 0, 0, 9, 295.23
1586567339, 10, 297, 386, 253, 0, 0.76%, 0, 0, 9, 295.29
1586567416, 10, 308, 386, 252, 0, 0.76%, 0, 0, 9, 292.79
1586567421, 10, 310, 386, 252, 0, 0.76%, 0, 0, 9, 298.67
1586567426, 10, 321, 386, 252, 0, 0.76%, 0, 0, 9, 298.85
1586567431, 10, 324, 386, 252, 0, 0.76%, 0, 0, 9, 297.97
1586567436, 10, 325, 387, 253, 0, 0.76%, 0, 0, 9, 299.28
1586567442, 10, 327, 387, 253, 0, 0.76%, 0, 0, 9, 293.59
1586567447, 10, 330, 387, 253, 0, 0.76%, 0, 0, 9, 289.50
1586567452, 10, 336, 387, 253, 0, 0.76%, 0, 0, 9, 294.45
1586567457, 10, 338, 387, 253, 0, 0.76%, 0, 0, 9, 293.91
1586567467, 10, 357, 387, 253, 0, 0.76%, 0, 0, 9, 303.35
1586567513, 10, 364, 387, 252, 0, 0.76%, 0, 0, 9, 282.72
1586567518, 10, 373, 387, 252, 0, 0.76%, 0, 0, 9, 296.41
1586567524, 10, 376, 387, 252, 0, 0.76%, 0, 0, 9, 293.14
1586567529, 10, 378, 389, 254, 0, 0.76%, 0, 0, 9, 292.34
1586567539, 11, 3, 389, 254, 0, 0.76%, 0, 0, 9, 278.27
1586567544, 11, 28, 389, 254, 0, 0.76%, 0, 0, 9, 284.56
1586567569, 11, 47, 389, 254, 0, 0.76%, 0, 0, 9, 2.35
1586567574, 11, 49, 389, 254, 0, 0.76%, 0, 0, 9, 288.24
1586567579, 11, 59, 389, 254, 0, 0.76%, 0, 0, 9, 289.38
1586567585, 11, 66, 389, 254, 0, 0.76%, 0, 0, 9, 289.84
1586567590, 11, 75, 389, 254, 0, 0.76%, 0, 0, 9, 285.30
1586567595, 11, 78, 389, 254, 0, 0.76%, 0, 0, 9, 272.48
1586567600, 11, 84, 389, 254, 0, 0.76%, 0, 0, 9, 288.71
1586567605, 11, 88, 389, 254, 0, 0.76%, 0, 0, 9, 280.58
1586567610, 11, 99, 389, 253, 0, 0.76%, 0, 0, 9, 297.89
1586567615, 11, 104, 389, 253, 0, 0.76%, 0, 0, 9, 288.56
1586567621, 11, 119, 389, 253, 0, 0.76%, 0, 0, 9, 276.54
1586567626, 11, 120, 389, 253, 0, 0.76%, 0, 0, 9, 288.01
1586567631, 11, 123, 389, 253, 0, 0.76%, 0, 0, 9, 286.21
1586567636, 11, 138, 389, 253, 0, 0.76%, 0, 0, 9, 295.86
1586567641, 11, 149, 389, 253, 0, 0.76%, 0, 0, 9, 282.49
1586567646, 11, 165, 389, 253, 0, 0.76%, 0, 0, 9, 278.95
1586567651, 11, 171, 389, 253, 0, 0.76%, 0, 0, 9, 288.13
1586567657, 11, 172, 389, 253, 0, 0.76%, 0, 0, 9, 305.78
1586567718, 11, 174, 389, 252, 0, 0.76%, 0, 0, 9, 278.52
1586567724, 11, 179, 389, 252, 0, 0.76%, 0, 0, 9, 279.81
1586567729, 11, 191, 389, 252, 0, 0.76%, 0, 0, 9, 271.41
1586567734, 11, 197, 389, 252, 0, 0.76%, 0, 0, 9, 270.23
1586567739, 11, 203, 389, 252, 0, 0.76%, 0, 0, 9, 264.38
1586567744, 11, 207, 389, 252, 0, 0.76%, 0, 0, 9, 308.21
1586567765, 11, 209, 389, 251, 0, 0.76%, 0, 0, 9, 270.13
1586567770, 11, 219, 389, 251, 0, 0.76%, 0, 0, 9, 275.77
1586567775, 11, 224, 389, 251, 0, 0.76%, 0, 0, 9, 271.55
1586567780, 11, 226, 389, 251, 0, 0.76%, 0, 0, 9, 288.46
1586567785, 11, 235, 389, 251, 0, 0.76%, 0, 0, 9, 288.99
1586567790, 11, 266, 389, 251, 0, 0.76%, 0, 0, 9, 290.29
1586567796, 11, 270, 389, 251, 0, 0.76%, 0, 0, 9, 309.25
1586567857, 11, 272, 389, 250, 0, 0.76%, 0, 0, 9, 293.23
1586567862, 11, 273, 389, 250, 0, 0.76%, 0, 0, 9, 293.74
1586567868, 11, 274, 389, 250, 0, 0.76%, 0, 0, 9, 296.19
1586567878, 11, 283, 389, 250, 0, 0.76%, 0, 0, 9, 286.54
1586567883, 11, 290, 389, 250, 0, 0.76%, 0, 0, 9, 290.09
1586567888, 11, 308, 389, 250, 0, 0.76%, 0, 0, 9, 283.05
1586567893, 11, 310, 389, 250, 0, 0.76%, 0, 0, 9, 294.25
1586567898, 11, 318, 389, 250, 0, 0.76%, 0, 0, 9, 291.33
1586567904, 11, 321, 389, 250, 0, 0.76%, 0, 0, 9, 289.04
1586567909, 11, 325, 389, 250, 0, 0.76%, 0, 0, 9, 290.49
1586567919, 11, 327, 389, 250, 0, 0.76%, 0, 0, 9, 288.09
1586567924, 11, 336, 389, 250, 0, 0.76%, 0, 0, 9, 298.63
1586567934, 11, 364, 389, 250, 0, 0.76%, 0, 0, 9, 288.60
1586567939, 11, 373, 389, 250, 0, 0.76%, 0, 0, 9, 267.88
1586567950, 11, 376, 389, 250, 0, 0.76%, 0, 0, 9, 250.60
1586567955, 11, 378, 389, 250, 0, 0.76%, 0, 0, 9, 248.14
1586567960, 12, 0, 389, 250, 0, 0.76%, 0, 0, 9, 274.96
1586567965, 12, 20, 389, 250, 0, 0.76%, 0, 0, 9, 283.61
1586567970, 12, 24, 389, 250, 0, 0.76%, 0, 0, 9, 311.19
1586568032, 12, 28, 389, 249, 0, 0.76%, 0, 0, 9, 279.33
1586568037, 12, 47, 389, 249, 0, 0.76%, 0, 0, 9, 272.11
1586568042, 12, 49, 389, 249, 0, 0.76%, 0, 0, 9, 260.94
1586568047, 12, 57, 389, 249, 0, 0.76%, 0, 0, 9, 321.44
1586568114, 12, 59, 389, 248, 0, 0.76%, 0, 0, 9, 245.11
1586568119, 12, 64, 389, 248, 0, 0.76%, 0, 0, 9, 262.88
1586568124, 12, 66, 389, 248, 0, 0.76%, 0, 0, 9, 238.75
1586568129, 12, 73, 389, 248, 0, 0.76%, 0, 0, 9, 152.28
1586568134, 12, 77, 389, 248, 0, 0.76%, 0, 0, 9, 170.34
1586568139, 12, 78, 389, 248, 0, 0.76%, 0, 0, 9, 247.15
1586568145, 12, 83, 389, 248, 0, 0.76%, 0, 0, 9, 191.42
1586568150, 12, 84, 389, 248, 0, 0.76%, 0, 0, 9, 15.11
1586568155, 12, 85, 389, 248, 0, 0.76%, 0, 0, 9, 227.97
1586568160, 12, 88, 389, 248, 0, 0.76%, 0, 0, 9, 244.52
1586568166, 12, 99, 389, 248, 0, 0.76%, 0, 0, 9, 261.57
1586568171, 12, 104, 389, 248, 0, 0.76%, 0, 0, 9, 257.85
1586568176, 12, 105, 389, 248, 0, 0.76%, 0, 0, 9, 282.86
1586568181, 12, 120, 389, 248, 0, 0.76%, 0, 0, 9, 13.57
1586568189, 12, 121, 389, 248, 0, 0.76%, 0, 0, 9, 1.56
1586568194, 12, 123, 389, 248, 0, 0.76%, 0, 0, 9, 301.46
1586568199, 12, 138, 389, 248, 0, 0.76%, 0, 0, 9, 299.74
1586568204, 12, 149, 389, 248, 0, 0.76%, 0, 0, 9, 283.60
1586568209, 12, 165, 389, 248, 0, 0.76%, 0, 0, 9, 275.15
1586568214, 12, 167, 389, 248, 0, 0.76%, 0, 0, 9, 274.20
1586568219, 12, 174, 389, 248, 0, 0.76%, 0, 0, 9, 270.61
1586568225, 12, 176, 389, 248, 0, 0.76%, 0, 0, 9, 252.54
1586568230, 12, 188, 389, 248, 0, 0.76%, 0, 0, 9, 248.73
1586568235, 12, 191, 389, 248, 0, 0.76%, 0, 0, 9, 290.47
1586568240, 12, 197, 389, 248, 0, 0.76%, 0, 0, 9, 277.06
1586568245, 12, 203, 389, 248, 0, 0.76%, 0, 0, 9, 266.22
1586568250, 12, 209, 389, 248, 0, 0.76%, 0, 0, 9, 257.32
1586568255, 12, 210, 389, 248, 0, 0.76%, 0, 0, 9, 285.41
1586568260, 12, 224, 389, 248, 0, 0.76%, 0, 0, 9, 271.16
1586568265, 12, 225, 389, 248, 0, 0.76%, 0, 0, 9, 281.15
1586568270, 12, 233, 389, 248, 0, 0.76%, 0, 0, 9, 289.67
1586568337, 12, 235, 389, 247, 0, 0.76%, 0, 0, 9, 294.69
1586568342, 12, 236, 389, 247, 0, 0.76%, 0, 0, 9, 310.41
1586568408, 12, 266, 389, 246, 0, 0.76%, 0, 0, 9, 295.21
1586568414, 12, 273, 389, 246, 0, 0.76%, 0, 0, 9, 291.78
1586568424, 12, 274, 390, 247, 0, 0.76%, 0, 0, 9, 286.15
1586568429, 12, 282, 390, 247, 0, 0.76%, 0, 0, 9, 291.36
1586568434, 12, 288, 390, 247, 0, 0.76%, 0, 0, 9, 293.22
1586568439, 12, 294, 390, 247, 0, 0.76%, 0, 0, 9, 295.92
1586568444, 12, 308, 390, 247, 0, 0.76%, 0, 0, 9, 287.97
1586568449, 12, 310, 390, 247, 0, 0.76%, 0, 0, 9, 286.35
1586568454, 12, 313, 390, 247, 0, 0.76%, 0, 0, 9, 302.30
1586568521, 12, 318, 390, 246, 0, 0.76%, 0, 0, 9, 293.51
1586568526, 12, 321, 390, 246, 0, 0.76%, 0, 0, 9, 280.67
1586568531, 12, 325, 390, 246, 0, 0.76%, 0, 0, 9, 285.99
1586568541, 12, 327, 390, 246, 0, 0.76%, 0, 0, 9, 286.83
1586568546, 12, 334, 390, 246, 0, 0.76%, 0, 0, 9, 287.24
1586568552, 12, 336, 390, 246, 0, 0.76%, 0, 0, 9, 269.90
1586568562, 12, 364, 390, 246, 0, 0.76%, 0, 0, 9, 279.97
1586568567, 12, 373, 390, 246, 0, 0.76%, 0, 0, 9, 286.10
1586568577, 12, 378, 390, 246, 0, 0.76%, 0, 0, 9, 293.45
1586568582, 12, 378, 391, 247, 0, 0.76%, 0, 0, 9, 292.21
1586568587, 12, 383, 391, 247, 0, 0.76%, 0, 0, 9, 314.74
1586568624, 12, 383, 392, 248, 0, 0.76%, 0, 0, 10, 287.67
1586568674, 12, 383, 393, 249, 0, 0.76%, 0, 0, 10, 297.84
1586568700, 13, 0, 393, 248, 0, 0.76%, 0, 0, 10, 292.30
1586568705, 13, 3, 393, 248, 0, 0.76%, 0, 0, 10, 287.09
1586568710, 13, 28, 393, 248, 0, 0.76%, 0, 0, 10, 162.35
1586568715, 13, 47, 393, 248, 0, 0.76%, 0, 0, 10, 265.45
1586568721, 13, 58, 393, 248, 0, 0.76%, 0, 0, 10, 283.58
1586568726, 13, 63, 393, 248, 0, 0.76%, 0, 0, 10, 288.81
1586568731, 13, 69, 393, 248, 0, 0.76%, 0, 0, 10, 275.90
1586568757, 13, 77, 393, 248, 0, 0.76%, 0, 0, 10, 269.12
1586568762, 13, 83, 393, 248, 0, 0.76%, 0, 0, 10, 278.97
1586568767, 13, 85, 393, 248, 0, 0.76%, 0, 0, 10, 274.33
1586568772, 13, 99, 393, 248, 0, 0.76%, 0, 0, 10, 284.47
1586568777, 13, 104, 393, 248, 0, 0.76%, 0, 0, 10, 286.38
1586568782, 13, 119, 393, 248, 0, 0.76%, 0, 0, 10, 281.96
1586568787, 13, 120, 393, 248, 0, 0.76%, 0, 0, 10, 283.33
1586568792, 13, 123, 393, 248, 0, 0.76%, 0, 0, 10, 286.43
1586568798, 13, 127, 393, 248, 0, 0.76%, 0, 0, 10, 287.07
1586568803, 13, 139, 393, 248, 0, 0.76%, 0, 0, 10, 283.66
1586568808, 13, 151, 393, 248, 0, 0.76%, 0, 0, 10, 289.09
1586568813, 13, 158, 393, 248, 0, 0.76%, 0, 0, 10, 315.42
1586568833, 13, 167, 393, 247, 0, 0.76%, 0, 0, 10, 286.31
1586568838, 13, 172, 393, 247, 0, 0.76%, 0, 0, 10, 284.26
1586568843, 13, 174, 393, 247, 0, 0.76%, 0, 0, 10, 291.25
1586568849, 13, 179, 393, 247, 0, 0.76%, 0, 0, 10, 293.07
1586568854, 13, 191, 393, 247, 0, 0.76%, 0, 0, 10, 292.58
1586568859, 13, 197, 393, 247, 0, 0.76%, 0, 0, 10, 287.29
1586568864, 13, 205, 393, 247, 0, 0.76%, 0, 0, 10, 288.78
1586568869, 13, 210, 393, 247, 0, 0.76%, 0, 0, 10, 282.17
1586568874, 13, 219, 393, 247, 0, 0.76%, 0, 0, 10, 293.24
1586568879, 13, 224, 393, 247, 0, 0.76%, 0, 0, 10, 296.75
1586568884, 13, 235, 393, 247, 0, 0.76%, 0, 0, 10, 293.67
1586568890, 13, 266, 393, 247, 0, 0.76%, 0, 0, 10, 294.57
1586568900, 13, 273, 393, 247, 0, 0.76%, 0, 0, 10, 294.13
1586568910, 13, 274, 393, 247, 0, 0.76%, 0, 0, 10, 295.48
1586568915, 13, 283, 394, 248, 0, 0.76%, 0, 0, 10, 301.62
1586568920, 13, 290, 394, 248, 0, 0.76%, 0, 0, 10, 303.39
1586568925, 13, 301, 394, 248, 0, 0.76%, 0, 0, 10, 294.88
1586568997, 13, 308, 394, 247, 0, 0.76%, 0, 0, 10, 285.13
1586569002, 13, 310, 395, 248, 0, 0.76%, 0, 0, 10, 292.62
1586569008, 13, 318, 395, 248, 1, 0.76%, 0, 0, 10, 287.79
1586569013, 13, 324, 395, 248, 1, 0.76%, 0, 0, 10, 297.32
1586569018, 13, 325, 395, 248, 1, 0.76%, 0, 0, 10, 297.57
1586569023, 13, 327, 395, 248, 1, 0.76%, 0, 0, 10, 296.72
1586569028, 13, 330, 395, 248, 1, 0.76%, 0, 0, 10, 291.37
1586569033, 13, 336, 395, 248, 1, 0.76%, 0, 0, 10, 289.56
1586569044, 13, 364, 395, 248, 1, 0.76%, 0, 0, 10, 264.69
1586569049, 13, 373, 395, 248, 1, 0.76%, 0, 0, 10, 248.88
1586569054, 13, 376, 395, 248, 1, 0.76%, 0, 0, 10, 283.33
1586569059, 13, 378, 395, 248, 1, 0.76%, 0, 0, 10, 289.83
1586569069, 13, 394, 395, 248, 1, 0.76%, 0, 0, 10, 301.26
1586569151, 14, 0, 395, 247, 0, 0.76%, 0, 0, 10, 298.35
1586569156, 14, 3, 395, 247, 0, 0.76%, 0, 0, 10, 290.31
1586569161, 14, 5, 395, 247, 0, 0.76%, 0, 0, 10, 315.97
1586569218, 14, 28, 395, 246, 0, 0.76%, 0, 0, 10, 293.00
1586569223, 14, 47, 395, 246, 0, 0.76%, 0, 0, 10, 284.12
1586569228, 14, 58, 395, 246, 0, 0.76%, 0, 0, 10, 286.56
1586569233, 14, 63, 395, 246, 0, 0.76%, 0, 0, 10, 288.63
1586569238, 14, 69, 395, 246, 0, 0.76%, 0, 0, 10, 279.33
1586569244, 14, 74, 395, 246, 0, 0.76%, 0, 0, 10, 296.40
1586569300, 14, 78, 395, 245, 0, 0.76%, 0, 0, 10, 296.73
1586569305, 14, 84, 395, 245, 0, 0.76%, 0, 0, 10, 287.67
1586569310, 14, 88, 395, 245, 0, 0.76%, 0, 0, 10, 291.94
1586569315, 14, 93, 395, 245, 0, 0.76%, 0, 0, 10, 315.77
1586569371, 14, 99, 395, 244, 0, 0.76%, 0, 0, 10, 299.63
1586569377, 14, 104, 395, 244, 0, 0.76%, 0, 0, 10, 289.75
1586569382, 14, 119, 395, 244, 0, 0.76%, 0, 0, 10, 289.61
1586569405, 14, 120, 395, 244, 0, 0.76%, 0, 0, 10, 0.76
1586569410, 14, 123, 395, 244, 0, 0.76%, 0, 0, 10, 278.45
1586569415, 14, 138, 395, 244, 0, 0.76%, 0, 0, 10, 295.11
1586569421, 14, 149, 395, 244, 0, 0.76%, 0, 0, 10, 288.79
1586569426, 14, 165, 395, 244, 0, 0.76%, 0, 0, 10, 289.13
1586569431, 14, 171, 395, 244, 0, 0.76%, 0, 0, 10, 288.67
1586569436, 14, 174, 395, 244, 0, 0.76%, 0, 0, 10, 291.56
1586569441, 14, 179, 395, 244, 0, 0.76%, 0, 0, 10, 291.42
1586569446, 14, 191, 395, 244, 0, 0.76%, 0, 0, 10, 292.08
1586569451, 14, 197, 395, 244, 0, 0.76%, 0, 0, 10, 291.47
1586569457, 14, 205, 395, 244, 0, 0.76%, 0, 0, 10, 288.77
1586569462, 14, 210, 395, 244, 0, 0.76%, 0, 0, 10, 290.30
1586569467, 14, 219, 395, 244, 0, 0.76%, 0, 0, 10, 292.11
1586569472, 14, 225, 395, 244, 0, 0.76%, 0, 0, 10, 290.02
1586569477, 14, 235, 395, 244, 0, 0.76%, 0, 0, 10, 287.79
1586569482, 14, 266, 395, 244, 0, 0.76%, 0, 0, 10, 278.88
1586569492, 14, 273, 395, 244, 0, 0.76%, 0, 0, 10, 276.52
1586569502, 14, 274, 395, 244, 0, 0.76%, 0, 0, 10, 282.08
1586569507, 14, 282, 395, 244, 0, 0.76%, 0, 0, 10, 258.43
1586569512, 14, 287, 395, 244, 0, 0.76%, 0, 0, 10, 265.39
1586569574, 14, 288, 395, 243, 0, 0.76%, 0, 0, 10, 288.19
1586569579, 14, 294, 395, 243, 0, 0.76%, 0, 0, 10, 292.45
1586569584, 14, 318, 395, 243, 0, 0.76%, 0, 0, 10, 292.26
1586569589, 14, 321, 395, 243, 0, 0.76%, 0, 0, 10, 288.64
1586569595, 14, 325, 395, 243, 0, 0.76%, 0, 0, 10, 288.80
1586569605, 14, 327, 395, 243, 0, 0.76%, 0, 0, 10, 291.60
1586569610, 14, 330, 395, 243, 0, 0.76%, 0, 0, 10, 295.80
1586569615, 14, 336, 395, 243, 0, 0.76%, 0, 0, 10, 302.04
1586569620, 14, 356, 395, 243, 0, 0.76%, 0, 0, 10, 296.39
1586569625, 14, 373, 395, 243, 0, 0.76%, 0, 0, 10, 301.04
1586569630, 14, 376, 395, 243, 0, 0.76%, 0, 0, 10, 302.37
1586569635, 14, 378, 395, 243, 0, 0.76%, 0, 0, 10, 293.86
1586569645, 14, 394, 395, 243, 0, 0.76%, 0, 0, 10, 297.58
1586569666, 15, 1, 395, 243, 0, 0.76%, 0, 0, 10, 283.44
1586569671, 15, 20, 395, 243, 0, 0.76%, 0, 0, 10, 286.02
1586569676, 15, 47, 395, 243, 0, 0.76%, 0, 0, 10, 283.54
1586569681, 15, 49, 395, 243, 0, 0.76%, 0, 0, 10, 294.33
1586569686, 15, 59, 395, 243, 0, 0.76%, 0, 0, 10, 291.11
1586569691, 15, 66, 395, 243, 0, 0.76%, 0, 0, 10, 292.54
1586569697, 15, 75, 395, 243, 0, 0.76%, 0, 0, 10, 284.73
1586569702, 15, 78, 395, 243, 0, 0.76%, 0, 0, 10, 292.95
1586569707, 15, 84, 395, 243, 0, 0.76%, 0, 0, 10, 280.65
1586569712, 15, 88, 395, 243, 0, 0.76%, 0, 0, 10, 270.89
1586569717, 15, 99, 395, 243, 0, 0.76%, 0, 0, 10, 265.89
1586569722, 15, 104, 395, 243, 0, 0.76%, 0, 0, 10, 274.95
1586569727, 15, 119, 395, 243, 0, 0.76%, 0, 0, 10, 254.09
1586569732, 15, 120, 395, 243, 0, 0.76%, 0, 0, 10, 257.97
1586569737, 15, 123, 395, 243, 0, 0.76%, 0, 0, 10, 265.65
1586569742, 15, 127, 395, 243, 0, 0.76%, 0, 0, 10, 260.01
1586569747, 15, 138, 395, 243, 0, 0.76%, 0, 0, 10, 248.72
1586569753, 15, 150, 395, 243, 0, 0.76%, 0, 0, 10, 247.09
1586569820, 15, 151, 395, 242, 0, 0.76%, 0, 0, 10, 257.63
1586569825, 15, 165, 395, 242, 0, 0.76%, 0, 0, 10, 240.01
1586569830, 15, 171, 395, 242, 0, 0.76%, 0, 0, 10, 262.16
1586569835, 15, 172, 395, 242, 0, 0.76%, 0, 0, 10, 274.84
1586569840, 15, 174, 395, 242, 0, 0.76%, 0, 0, 10, 251.54
1586569845, 15, 178, 395, 242, 0, 0.76%, 0, 0, 10, 250.51
1586569850, 15, 191, 395, 242, 0, 0.76%, 0, 0, 10, 244.64
1586569855, 15, 193, 395, 242, 0, 0.76%, 0, 0, 10, 252.73
1586569860, 15, 197, 395, 242, 0, 0.76%, 0, 0, 10, 249.79
1586569866, 15, 209, 395, 242, 0, 0.76%, 0, 0, 10, 249.48
1586569871, 15, 210, 395, 242, 0, 0.76%, 0, 0, 10, 259.52
1586569876, 15, 219, 395, 242, 0, 0.76%, 0, 0, 10, 260.56
1586569881, 15, 224, 395, 242, 0, 0.76%, 0, 0, 10, 271.49
1586569886, 15, 226, 395, 242, 0, 0.76%, 0, 0, 10, 292.40
1586569891, 15, 235, 395, 242, 0, 0.76%, 0, 0, 10, 304.21
1586569896, 15, 266, 395, 242, 0, 0.76%, 0, 0, 10, 264.02
1586569924, 15, 273, 395, 242, 0, 0.76%, 0, 0, 10, 39.80
1586569940, 15, 274, 395, 242, 0, 0.76%, 0, 0, 10, 194.25
1586569973, 15, 282, 395, 242, 0, 0.76%, 0, 0, 10, 0.49
1586569978, 15, 288, 395, 242, 0, 0.76%, 0, 0, 10, 274.23
1586569983, 15, 294, 395, 242, 0, 0.76%, 0, 0, 10, 291.89
1586569989, 15, 301, 395, 242, 0, 0.76%, 0, 0, 10, 274.18
1586569999, 15, 308, 395, 242, 0, 0.76%, 0, 0, 10, 293.34
1586570004, 15, 318, 395, 242, 0, 0.76%, 0, 0, 10, 9.16
1586570009, 15, 321, 395, 242, 0, 0.76%, 0, 0, 10, 220.64
1586570014, 15, 325, 395, 242, 0, 0.76%, 0, 0, 10, 275.95
1586570024, 15, 327, 395, 242, 0, 0.76%, 0, 0, 10, 261.24
1586570030, 15, 330, 395, 242, 0, 0.76%, 0, 0, 10, 257.62
1586570035, 15, 336, 395, 242, 0, 0.76%, 0, 0, 10, 253.27
1586570040, 15, 356, 395, 242, 0, 0.76%, 0, 0, 10, 268.13
1586570045, 15, 364, 395, 242, 0, 0.76%, 0, 0, 10, 250.79
1586570050, 15, 370, 395, 242, 0, 0.76%, 0, 0, 10, 308.71
1586570116, 15, 373, 395, 241, 0, 0.76%, 0, 0, 10, 291.99
1586570122, 15, 376, 395, 241, 0, 0.76%, 0, 0, 10, 289.75
1586570127, 15, 378, 395, 241, 0, 0.76%, 0, 0, 10, 294.68
1586570132, 15, 394, 395, 241, 0, 0.76%, 0, 0, 10, 293.35
1586570152, 16, 0, 395, 241, 0, 0.76%, 0, 0, 10, 293.70
1586570158, 16, 3, 395, 241, 0, 0.76%, 0, 0, 10, 284.03
1586570163, 16, 28, 395, 241, 0, 0.76%, 0, 0, 10, 283.22
1586570168, 16, 47, 395, 241, 0, 0.76%, 0, 0, 10, 291.83
1586570173, 16, 58, 395, 241, 0, 0.76%, 0, 0, 10, 297.42
1586570178, 16, 63, 395, 241, 0, 0.76%, 0, 0, 10, 293.09
1586570183, 16, 66, 395, 241, 0, 0.76%, 0, 0, 10, 284.68
1586570188, 16, 77, 395, 241, 0, 0.76%, 0, 0, 10, 287.79
1586570193, 16, 83, 395, 241, 0, 0.76%, 0, 0, 10, 284.67
1586570198, 16, 85, 395, 241, 0, 0.76%, 0, 0, 10, 293.31
1586570221, 16, 88, 395, 241, 0, 0.76%, 0, 0, 10, 2.89
1586570226, 16, 99, 395, 241, 0, 0.76%, 0, 0, 10, 271.96
1586570231, 16, 105, 395, 241, 0, 0.76%, 0, 0, 10, 287.11
1586570236, 16, 120, 395, 241, 0, 0.76%, 0, 0, 10, 295.14
1586570241, 16, 122, 395, 241, 0, 0.76%, 0, 0, 10, 296.54
1586570247, 16, 127, 395, 241, 0, 0.76%, 0, 0, 10, 280.22
1586570252, 16, 138, 395, 241, 0, 0.76%, 0, 0, 10, 283.70
1586570257, 16, 151, 395, 241, 0, 0.76%, 0, 0, 10, 290.86
1586570262, 16, 167, 395, 241, 0, 0.76%, 0, 0, 10, 290.13
1586570267, 16, 174, 395, 241, 0, 0.76%, 0, 0, 10, 296.24
1586570273, 16, 178, 395, 241, 0, 0.76%, 0, 0, 10, 297.64
1586570278, 16, 188, 395, 241, 0, 0.76%, 0, 0, 10, 297.91
1586570283, 16, 197, 395, 241, 0, 0.76%, 0, 0, 10, 291.74
1586570288, 16, 203, 395, 241, 0, 0.76%, 0, 0, 10, 290.39
1586570293, 16, 209, 395, 241, 0, 0.76%, 0, 0, 10, 289.65
1586570298, 16, 219, 395, 241, 0, 0.76%, 0, 0, 10, 289.10
1586570303, 16, 224, 395, 241, 0, 0.76%, 0, 0, 10, 291.43
1586570309, 16, 226, 395, 241, 0, 0.76%, 0, 0, 10, 289.22
1586570314, 16, 235, 395, 241, 0, 0.76%, 0, 0, 10, 293.68
1586570319, 16, 266, 395, 241, 0, 0.76%, 0, 0, 10, 283.59
1586570324, 16, 273, 395, 241, 0, 0.76%, 0, 0, 10, 282.60
1586570334, 16, 274, 395, 241, 0, 0.76%, 0, 0, 10, 293.10
1586570339, 16, 282, 395, 241, 0, 0.76%, 0, 0, 10, 285.58
1586570345, 16, 288, 395, 241, 0, 0.76%, 0, 0, 10, 290.19
1586570350, 16, 294, 395, 241, 0, 0.76%, 0, 0, 10, 299.36
1586570355, 16, 308, 395, 241, 0, 0.76%, 0, 0, 10, 299.46
1586570360, 16, 321, 395, 241, 0, 0.76%, 0, 0, 10, 292.88
1586570365, 16, 324, 395, 241, 0, 0.76%, 0, 0, 10, 295.02
1586570370, 16, 325, 395, 241, 0, 0.76%, 0, 0, 10, 285.73
1586570375, 16, 327, 395, 241, 0, 0.76%, 0, 0, 10, 296.25
1586570380, 16, 330, 395, 241, 0, 0.76%, 0, 0, 10, 297.24
1586570385, 16, 336, 395, 241, 0, 0.76%, 0, 0, 10, 300.10
1586570390, 16, 356, 395, 241, 0, 0.76%, 0, 0, 10, 299.82
1586570415, 16, 364, 395, 241, 0, 0.76%, 0, 0, 10, 0.05
1586570420, 16, 373, 395, 241, 0, 0.76%, 0, 0, 10, 285.36
1586570425, 16, 376, 395, 241, 0, 0.76%, 0, 0, 10, 286.96
1586570431, 16, 378, 395, 241, 0, 0.76%, 0, 0, 10, 285.82
1586570436, 16, 394, 395, 241, 0, 0.76%, 0, 0, 10, 272.31
1586570446, 17, 0, 395, 241, 0, 0.76%, 0, 0, 10, 296.56
1586570451, 17, 3, 395, 241, 0, 0.76%, 0, 0, 10, 289.86
1586570456, 17, 28, 395, 241, 0, 0.76%, 0, 0, 10, 285.54
1586570461, 17, 47, 395, 241, 0, 0.76%, 0, 0, 10, 277.79
1586570466, 17, 58, 395, 241, 0, 0.76%, 0, 0, 10, 278.56
1586570472, 17, 63, 395, 241, 0, 0.76%, 0, 0, 10, 287.91
1586570477, 17, 69, 395, 241, 0, 0.76%, 0, 0, 10, 284.89
1586570482, 17, 77, 395, 241, 0, 0.76%, 0, 0, 10, 277.78
1586570487, 17, 83, 395, 241, 0, 0.76%, 0, 0, 10, 284.18
1586570492, 17, 85, 395, 241, 0, 0.76%, 0, 0, 10, 283.45
1586570497, 17, 86, 395, 241, 0, 0.76%, 0, 0, 10, 315.50
1586570558, 17, 99, 395, 240, 0, 0.76%, 0, 0, 10, 284.36
1586570563, 17, 104, 395, 240, 0, 0.76%, 0, 0, 10, 289.55
1586570569, 17, 113, 395, 240, 0, 0.76%, 0, 0, 10, 308.60
1586570584, 17, 119, 395, 239, 0, 0.76%, 0, 0, 10, 306.56
1586570589, 17, 121, 395, 239, 0, 0.76%, 0, 0, 10, 280.89
1586570594, 17, 123, 395, 239, 0, 0.76%, 0, 0, 10, 287.96
1586570599, 17, 138, 395, 239, 0, 0.76%, 0, 0, 10, 291.43
1586570605, 17, 149, 395, 239, 0, 0.76%, 0, 0, 10, 290.36
1586570610, 17, 165, 395, 239, 0, 0.76%, 0, 0, 10, 285.76
1586570615, 17, 171, 395, 239, 0, 0.76%, 0, 0, 10, 293.15
1586570620, 17, 174, 395, 239, 0, 0.76%, 0, 0, 10, 287.67
1586570625, 17, 179, 395, 239, 0, 0.76%, 0, 0, 10, 272.28
1586570630, 17, 191, 395, 239, 0, 0.76%, 0, 0, 10, 267.19
1586570635, 17, 197, 395, 239, 0, 0.76%, 0, 0, 10, 287.90
1586570640, 17, 203, 395, 239, 0, 0.76%, 0, 0, 10, 286.46
1586570645, 17, 209, 395, 239, 0, 0.76%, 0, 0, 10, 291.43
1586570651, 17, 218, 395, 239, 0, 0.76%, 0, 0, 10, 307.28
1586570702, 17, 219, 395, 238, 0, 0.76%, 0, 0, 10, 277.46
1586570707, 17, 224, 395, 238, 0, 0.76%, 0, 0, 10, 284.71
1586570712, 17, 226, 395, 238, 0, 0.76%, 0, 0, 10, 286.43
1586570717, 17, 266, 395, 238, 0, 0.76%, 0, 0, 10, 282.05
1586570728, 17, 273, 395, 238, 0, 0.76%, 0, 0, 10, 294.46
1586570738, 17, 274, 395, 238, 0, 0.76%, 0, 0, 10, 291.92
1586570743, 17, 282, 395, 238, 0, 0.76%, 0, 0, 10, 285.72
1586570748, 17, 288, 395, 238, 0, 0.76%, 0, 0, 10, 284.90
1586570753, 17, 294, 395, 238, 0, 0.76%, 0, 0, 10, 287.17
1586570758, 17, 308, 395, 238, 0, 0.76%, 0, 0, 10, 291.68
1586570764, 17, 318, 395, 238, 0, 0.76%, 0, 0, 10, 281.30
1586570769, 17, 324, 395, 238, 0, 0.76%, 0, 0, 10, 290.43
1586570774, 17, 325, 395, 238, 0, 0.76%, 0, 0, 10, 289.46
1586570779, 17, 327, 395, 238, 0, 0.76%, 0, 0, 10, 283.59
1586570784, 17, 330, 395, 238, 0, 0.76%, 0, 0, 10, 287.79
1586570789, 17, 336, 395, 238, 0, 0.76%, 0, 0, 10, 292.35
1586570800, 17, 340, 396, 239, 0, 0.77%, 0, 0, 10, 314.18
1586570882, 17, 356, 396, 238, 0, 0.77%, 0, 0, 10, 289.62
1586570887, 17, 364, 396, 238, 0, 0.77%, 0, 0, 10, 283.56
1586570892, 17, 373, 396, 238, 0, 0.77%, 0, 0, 10, 279.11
1586570897, 17, 376, 396, 238, 0, 0.77%, 0, 0, 10, 275.93
1586570902, 17, 378, 396, 238, 0, 0.77%, 0, 0, 10, 286.15
1586570912, 17, 394, 396, 238, 0, 0.77%, 0, 0, 10, 287.60
1586570917, 18, 3, 396, 238, 0, 0.77%, 0, 0, 10, 281.86
1586570923, 18, 28, 396, 238, 0, 0.77%, 0, 0, 10, 286.38
1586570928, 18, 47, 396, 238, 0, 0.77%, 0, 0, 10, 294.19
1586570933, 18, 58, 396, 238, 0, 0.77%, 0, 0, 10, 292.50
1586570938, 18, 63, 396, 238, 0, 0.77%, 0, 0, 10, 293.58
1586570943, 18, 69, 396, 238, 0, 0.77%, 0, 0, 10, 292.31
1586570948, 18, 77, 396, 238, 0, 0.77%, 0, 0, 10, 292.02
1586570954, 18, 83, 396, 238, 0, 0.77%, 0, 0, 10, 287.59
1586570959, 18, 85, 397, 239, 0, 0.77%, 0, 0, 10, 294.13
1586570964, 18, 99, 397, 239, 0, 0.77%, 0, 0, 10, 293.36
1586570969, 18, 104, 397, 239, 0, 0.77%, 0, 0, 10, 294.63
1586570974, 18, 119, 397, 239, 0, 0.77%, 0, 0, 10, 292.96
1586570979, 18, 120, 397, 239, 0, 0.77%, 0, 0, 10, 288.28
1586570984, 18, 123, 397, 239, 0, 0.77%, 0, 0, 10, 288.76
1586570989, 18, 138, 397, 239, 0, 0.77%, 0, 0, 10, 295.77
1586570994, 18, 149, 397, 239, 0, 0.77%, 0, 0, 10, 293.48
1586571019, 18, 150, 397, 239, 0, 0.77%, 0, 0, 10, 2.35
1586571024, 18, 165, 397, 239, 0, 0.77%, 0, 0, 10, 280.32
1586571029, 18, 171, 397, 239, 0, 0.77%, 0, 0, 10, 287.07
1586571035, 18, 176, 397, 239, 0, 0.77%, 0, 0, 10, 292.79
1586571040, 18, 188, 397, 239, 0, 0.77%, 0, 0, 10, 287.53
1586571045, 18, 193, 397, 239, 0, 0.77%, 0, 0, 10, 291.67
1586571050, 18, 197, 397, 239, 0, 0.77%, 0, 0, 10, 291.22
1586571055, 18, 209, 397, 239, 0, 0.77%, 0, 0, 10, 288.81
1586571060, 18, 210, 397, 239, 0, 0.77%, 0, 0, 10, 292.10
1586571065, 18, 219, 397, 239, 0, 0.77%, 0, 0, 10, 291.51
1586571070, 18, 225, 397, 239, 0, 0.77%, 0, 0, 10, 285.88
1586571075, 18, 235, 397, 239, 0, 0.77%, 0, 0, 10, 280.15
1586571081, 18, 266, 397, 239, 0, 0.77%, 0, 0, 10, 283.73
1586571091, 18, 273, 397, 239, 0, 0.77%, 0, 0, 10, 291.03
1586571101, 18, 274, 397, 239, 0, 0.77%, 0, 0, 10, 282.63
1586571106, 18, 282, 397, 239, 0, 0.77%, 0, 0, 10, 280.55
1586571111, 18, 288, 397, 239, 0, 0.77%, 0, 0, 10, 287.08
1586571116, 18, 294, 397, 239, 0, 0.77%, 0, 0, 10, 287.31
1586571121, 18, 308, 397, 239, 0, 0.77%, 0, 0, 10, 283.68
1586571126, 18, 321, 397, 239, 0, 0.77%, 0, 0, 10, 292.64
1586571131, 18, 324, 397, 239, 0, 0.77%, 0, 0, 10, 293.54
1586571136, 18, 325, 397, 239, 0, 0.77%, 0, 0, 10, 293.38
1586571141, 18, 327, 397, 239, 0, 0.77%, 0, 0, 10, 286.53
1586571146, 18, 330, 397, 239, 0, 0.77%, 0, 0, 10, 292.63
1586571152, 18, 336, 397, 239, 0, 0.77%, 0, 0, 10, 298.52
1586571157, 18, 356, 397, 239, 0, 0.77%, 0, 0, 10, 300.71
1586571162, 18, 364, 397, 239, 0, 0.77%, 0, 0, 10, 284.30
1586571167, 18, 373, 397, 239, 0, 0.77%, 0, 0, 10, 290.19
1586571172, 18, 376, 397, 239, 0, 0.77%, 0, 0, 10, 289.00
1586571177, 18, 378, 397, 239, 0, 0.77%, 0, 0, 10, 290.92
1586571182, 18, 394, 397, 239, 0, 0.77%, 0, 0, 10, 290.84
1586571187, 19, 0, 397, 239, 0, 0.77%, 0, 0, 10, 278.74
1586571192, 19, 3, 397, 239, 0, 0.77%, 0, 0, 10, 274.83
1586571197, 19, 28, 398, 240, 0, 0.77%, 0, 0, 10, 273.48
1586571203, 19, 47, 398, 240, 0, 0.77%, 0, 0, 10, 281.38
1586571208, 19, 49, 398, 240, 0, 0.77%, 0, 0, 10, 266.80
1586571213, 19, 59, 398, 240, 0, 0.77%, 0, 0, 10, 280.96
1586571218, 19, 66, 398, 240, 0, 0.77%, 0, 0, 10, 292.81
1586571223, 19, 75, 398, 240, 0, 0.77%, 0, 0, 10, 289.21
1586571228, 19, 78, 398, 240, 0, 0.77%, 0, 0, 10, 287.82
1586571233, 19, 84, 398, 240, 0, 0.77%, 0, 0, 10, 289.32
1586571238, 19, 88, 398, 240, 0, 0.77%, 0, 0, 10, 277.60
1586571243, 19, 103, 398, 240, 0, 0.77%, 0, 0, 10, 300.39
1586571257, 19, 104, 398, 240, 0, 0.77%, 0, 0, 10, 2.07
1586571262, 19, 105, 398, 240, 0, 0.77%, 0, 0, 10, 265.82
1586571267, 19, 120, 398, 240, 0, 0.77%, 0, 0, 10, 293.67
1586571272, 19, 123, 398, 240, 0, 0.77%, 0, 0, 10, 290.76
1586571277, 19, 125, 398, 240, 0, 0.77%, 0, 0, 10, 313.13
1586571334, 19, 127, 398, 239, 0, 0.77%, 0, 0, 10, 292.37
1586571339, 19, 139, 398, 239, 0, 0.77%, 0, 0, 10, 287.66
1586571344, 19, 149, 398, 239, 0, 0.77%, 0, 0, 10, 287.15
1586571349, 19, 165, 398, 239, 0, 0.77%, 0, 0, 10, 288.09
1586571354, 19, 171, 398, 239, 0, 0.77%, 0, 0, 10, 286.41
1586571359, 19, 174, 398, 239, 0, 0.77%, 0, 0, 10, 285.99
1586571365, 19, 178, 398, 239, 0, 0.77%, 0, 0, 10, 281.06
1586571370, 19, 191, 399, 240, 0, 0.77%, 0, 0, 10, 281.39
1586571375, 19, 193, 399, 240, 0, 0.77%, 0, 0, 10, 276.36
1586571380, 19, 202, 399, 240, 0, 0.77%, 0, 0, 10, 274.37
1586571385, 19, 209, 399, 240, 0, 0.77%, 0, 0, 10, 278.32
1586571412, 19, 219, 399, 240, 0, 0.77%, 0, 0, 10, 272.92
1586571417, 19, 224, 399, 240, 0, 0.77%, 0, 0, 10, 281.57
1586571422, 19, 226, 399, 240, 0, 0.77%, 0, 0, 10, 291.04
1586571427, 19, 235, 399, 240, 0, 0.77%, 0, 0, 10, 292.91
1586571432, 19, 266, 399, 240, 0, 0.77%, 0, 0, 10, 294.10
1586571437, 19, 271, 399, 240, 0, 0.77%, 0, 0, 10, 308.85
1586571503, 19, 273, 399, 239, 0, 0.77%, 0, 0, 10, 285.57
1586571514, 19, 274, 399, 239, 0, 0.77%, 0, 0, 10, 289.28
1586571519, 19, 283, 399, 239, 0, 0.77%, 0, 0, 10, 290.00
1586571524, 19, 288, 399, 239, 0, 0.77%, 0, 0, 10, 286.81
1586571529, 19, 294, 399, 239, 0, 0.77%, 0, 0, 10, 288.39
1586571534, 19, 308, 399, 239, 0, 0.77%, 0, 0, 10, 282.63
1586571539, 19, 321, 399, 239, 0, 0.77%, 0, 0, 10, 261.41
1586571544, 19, 324, 399, 239, 0, 0.77%, 0, 0, 10, 286.70
1586571549, 19, 325, 399, 239, 0, 0.77%, 0, 0, 10, 259.34
1586571560, 19, 327, 399, 239, 0, 0.77%, 0, 0, 10, 280.47
1586571565, 19, 336, 399, 239, 0, 0.77%, 0, 0, 10, 297.67
1586571575, 19, 364, 399, 239, 0, 0.77%, 0, 0, 10, 294.91
1586571580, 19, 373, 399, 239, 0, 0.77%, 0, 0, 10, 294.22
1586571590, 19, 376, 399, 239, 0, 0.77%, 0, 0, 10, 249.55
1586571595, 19, 378, 399, 239, 0, 0.77%, 0, 0, 10, 250.92
1586571600, 19, 394, 400, 240, 0, 0.77%, 0, 0, 10, 252.16
1586571611, 20, 1, 400, 240, 0, 0.77%, 0, 0, 10, 245.21
1586571616, 20, 17, 400, 240, 0, 0.77%, 0, 0, 10, 267.58
1586571683, 20, 20, 400, 239, 0, 0.77%, 0, 0, 10, 251.92
1586571688, 20, 22, 400, 239, 0, 0.77%, 0, 0, 10, 283.44
1586571770, 20, 28, 400, 238, 0, 0.77%, 0, 0, 10, 252.27
1586571775, 20, 47, 400, 238, 0, 0.77%, 0, 0, 10, 257.39
1586571780, 20, 49, 400, 238, 0, 0.77%, 0, 0, 10, 54.12
1586571785, 20, 59, 400, 238, 0, 0.77%, 0, 0, 10, 269.66
1586571790, 20, 66, 400, 238, 0, 0.77%, 0, 0, 10, 288.56
1586571795, 20, 73, 400, 238, 0, 0.77%, 0, 0, 10, 253.89
1586571800, 20, 77, 400, 238, 0, 0.77%, 0, 0, 10, 295.00
1586571806, 20, 83, 400, 238, 0, 0.77%, 0, 0, 10, 24.39
1586571811, 20, 84, 400, 238, 0, 0.77%, 0, 0, 10, 46.51
1586571816, 20, 88, 400, 238, 0, 0.77%, 0, 0, 10, 217.69
1586571821, 20, 99, 400, 238, 0, 0.77%, 0, 0, 10, 267.83
1586571826, 20, 104, 400, 238, 0, 0.77%, 0, 0, 10, 285.73
1586571831, 20, 119, 400, 238, 0, 0.77%, 0, 0, 10, 277.91
1586571836, 20, 120, 400, 238, 0, 0.77%, 0, 0, 10, 275.47
1586571842, 20, 122, 400, 238, 0, 0.77%, 0, 0, 10, 271.47
1586571847, 20, 127, 400, 238, 0, 0.77%, 0, 0, 10, 259.31
1586571852, 20, 138, 400, 238, 0, 0.77%, 0, 0, 10, 263.86
1586571857, 20, 149, 400, 238, 0, 0.77%, 0, 0, 10, 293.91
1586571862, 20, 165, 402, 240, 0, 0.77%, 0, 0, 10, 281.18
1586571867, 20, 171, 402, 240, 0, 0.77%, 0, 0, 10, 284.81
1586571872, 20, 174, 402, 240, 0, 0.77%, 0, 0, 10, 287.20
1586571878, 20, 178, 402, 240, 0, 0.77%, 0, 0, 10, 264.98
1586571883, 20, 191, 402, 240, 0, 0.77%, 0, 0, 10, 278.53
1586571888, 20, 197, 402, 240, 0, 0.77%, 0, 0, 10, 284.83
1586571893, 20, 203, 402, 240, 0, 0.77%, 0, 0, 10, 287.62
1586571898, 20, 209, 402, 240, 0, 0.77%, 0, 0, 10, 289.47
1586571903, 20, 210, 402, 240, 0, 0.77%, 0, 0, 10, 274.08
1586571908, 20, 224, 402, 240, 0, 0.77%, 0, 0, 10, 274.22
1586571913, 20, 226, 402, 240, 0, 0.77%, 0, 0, 10, 282.28
1586571918, 20, 235, 402, 240, 0, 0.77%, 0, 0, 10, 290.37
1586571923, 20, 266, 402, 240, 0, 0.77%, 0, 0, 10, 293.96
1586571928, 20, 272, 402, 240, 0, 0.77%, 0, 0, 10, 295.07
1586571933, 20, 273, 402, 240, 0, 0.77%, 0, 0, 10, 293.97
1586571939, 20, 274, 402, 240, 0, 0.77%, 0, 0, 10, 290.47
1586571949, 20, 283, 402, 240, 0, 0.77%, 0, 0, 10, 299.13
1586571954, 20, 290, 402, 240, 0, 0.77%, 0, 0, 10, 288.75
1586571959, 20, 308, 402, 240, 0, 0.77%, 0, 0, 10, 292.57
1586571964, 20, 318, 402, 240, 0, 0.77%, 0, 0, 10, 291.02
1586571970, 20, 324, 402, 240, 0, 0.77%, 0, 0, 10, 295.38
1586571975, 20, 325, 402, 240, 0, 0.77%, 0, 0, 10, 294.89
1586571980, 20, 327, 402, 240, 0, 0.77%, 0, 0, 10, 295.01
1586571985, 20, 330, 402, 240, 0, 0.77%, 0, 0, 10, 292.08
1586571990, 20, 336, 402, 240, 0, 0.77%, 0, 0, 10, 282.04
1586572000, 20, 338, 402, 240, 0, 0.77%, 0, 0, 10, 286.33
1586572005, 20, 350, 403, 241, 0, 0.77%, 0, 0, 10, 295.03
1586572041, 20, 350, 405, 243, 0, 0.77%, 0, 0, 10, 294.14
1586572087, 20, 350, 406, 244, 0, 0.77%, 0, 0, 10, 303.77
1586572164, 20, 356, 406, 243, 0, 0.77%, 0, 0, 10, 297.81
1586572169, 20, 364, 406, 243, 0, 0.77%, 0, 0, 10, 300.46
1586572174, 20, 367, 406, 243, 0, 0.77%, 0, 0, 10, 328.58
1586572199, 20, 367, 407, 244, 0, 0.77%, 0, 0, 10, 300.07
1586572261, 20, 373, 407, 243, 0, 0.77%, 0, 0, 10, 299.16
1586572266, 20, 376, 407, 243, 0, 0.77%, 0, 0, 10, 299.11
1586572271, 20, 378, 407, 243, 0, 0.77%, 0, 0, 10, 297.92
1586572281, 20, 394, 407, 243, 0, 0.77%, 0, 0, 10, 287.59
1586572286, 21, 3, 407, 243, 0, 0.77%, 0, 0, 10, 289.57
1586572291, 21, 28, 407, 243, 0, 0.77%, 0, 0, 10, 290.89
1586572296, 21, 47, 407, 243, 0, 0.77%, 0, 0, 10, 298.16
1586572302, 21, 49, 407, 243, 0, 0.77%, 0, 0, 10, 291.13
1586572307, 21, 59, 407, 243, 0, 0.77%, 0, 0, 10, 291.42
1586572312, 21, 66, 407, 243, 0, 0.77%, 0, 0, 10, 293.58
1586572317, 21, 77, 407, 243, 0, 0.77%, 0, 0, 10, 276.17
1586572322, 21, 83, 407, 243, 0, 0.77%, 0, 0, 10, 294.27
1586572327, 21, 85, 407, 243, 0, 0.77%, 0, 0, 10, 278.11
1586572333, 21, 99, 407, 243, 0, 0.77%, 0, 0, 10, 292.02
1586572338, 21, 104, 407, 243, 0, 0.77%, 0, 0, 10, 293.62
1586572343, 21, 119, 407, 243, 0, 0.77%, 0, 0, 10, 289.99
1586572348, 21, 120, 407, 243, 0, 0.77%, 0, 0, 10, 297.85
1586572353, 21, 123, 407, 243, 0, 0.77%, 0, 0, 10, 289.58
1586572358, 21, 130, 407, 243, 0, 0.77%, 0, 0, 10, 293.18
1586572425, 21, 135, 407, 242, 0, 0.77%, 0, 0, 10, 293.62
1586572430, 21, 139, 407, 241, 0, 0.77%, 0, 0, 10, 293.71
1586572435, 21, 151, 407, 241, 0, 0.77%, 0, 0, 10, 292.32
1586572440, 21, 167, 407, 241, 0, 0.77%, 0, 0, 10, 293.71
1586572445, 21, 174, 407, 241, 0, 0.77%, 0, 0, 10, 296.80
1586572450, 21, 178, 407, 241, 0, 0.77%, 0, 0, 10, 288.92
1586572455, 21, 191, 407, 241, 0, 0.77%, 0, 0, 10, 295.03
1586572460, 21, 197, 407, 241, 0, 0.77%, 0, 0, 10, 297.64
1586572465, 21, 203, 407, 241, 0, 0.77%, 0, 0, 10, 295.01
1586572470, 21, 209, 407, 241, 0, 0.77%, 0, 0, 10, 288.69
1586572476, 21, 219, 407, 241, 0, 0.77%, 0, 0, 10, 295.09
1586572481, 21, 224, 407, 241, 0, 0.77%, 0, 0, 10, 291.16
1586572486, 21, 226, 407, 241, 0, 0.77%, 0, 0, 10, 291.97
1586572491, 21, 235, 407, 241, 0, 0.77%, 0, 0, 10, 288.19
1586572496, 21, 266, 407, 241, 0, 0.77%, 0, 0, 10, 287.12
1586572501, 21, 272, 407, 241, 0, 0.77%, 0, 0, 10, 285.24
1586572506, 21, 273, 407, 241, 0, 0.77%, 0, 0, 10, 287.22
1586572511, 21, 274, 407, 241, 0, 0.77%, 0, 0, 10, 284.12
1586572517, 21, 282, 407, 241, 0, 0.77%, 0, 0, 10, 294.02
1586572522, 21, 288, 407, 241, 0, 0.77%, 0, 0, 10, 290.37
1586572527, 21, 294, 408, 242, 0, 0.77%, 0, 0, 10, 292.23
1586572552, 21, 308, 408, 242, 0, 0.77%, 0, 0, 10, 279.25
1586572557, 21, 318, 408, 242, 0, 0.77%, 0, 0, 10, 286.37
1586572563, 21, 324, 408, 242, 0, 0.77%, 0, 0, 10, 290.98
1586572568, 21, 325, 408, 242, 0, 0.77%, 0, 0, 10, 293.44
1586572573, 21, 327, 408, 242, 0, 0.77%, 0, 0, 10, 293.34
1586572578, 21, 330, 408, 242, 0, 0.77%, 0, 0, 10, 296.77
1586572583, 21, 336, 408, 242, 0, 0.77%, 0, 0, 10, 272.67
1586572593, 21, 339, 408, 242, 0, 0.77%, 0, 0, 10, 319.85
1586572675, 21, 347, 408, 241, 0, 0.77%, 0, 0, 10, 307.20
1586572752, 21, 347, 409, 242, 0, 0.77%, 0, 0, 10, 293.45
1586572778, 21, 347, 410, 243, 0, 0.77%, 0, 0, 10, 295.64
1586572813, 21, 364, 410, 242, 0, 0.77%, 0, 0, 10, 289.68
1586572842, 21, 373, 410, 242, 0, 0.77%, 0, 0, 10, 276.05
1586572848, 21, 376, 410, 242, 0, 0.77%, 0, 0, 10, 295.01
1586572853, 21, 378, 410, 242, 0, 0.77%, 0, 0, 10, 299.63
1586572858, 21, 394, 410, 242, 0, 0.77%, 0, 0, 10, 299.67
1586572863, 22, 0, 410, 242, 0, 0.77%, 0, 0, 10, 297.28
1586572868, 22, 20, 410, 242, 0, 0.77%, 0, 0, 10, 294.68
1586572873, 22, 38, 410, 242, 0, 0.77%, 0, 0, 10, 305.87
1586572935, 22, 49, 410, 241, 0, 0.77%, 0, 0, 10, 298.04
1586572940, 22, 58, 410, 241, 0, 0.77%, 0, 0, 10, 298.97
1586572945, 22, 62, 410, 241, 0, 0.77%, 0, 0, 10, 318.54
1586573003, 22, 64, 410, 240, 0, 0.77%, 0, 0, 10, 54.90
1586573008, 22, 73, 410, 240, 0, 0.77%, 0, 0, 10, 288.40
1586573030, 22, 75, 410, 240, 0, 0.77%, 0, 0, 10, 0.70
1586573035, 22, 78, 410, 240, 0, 0.77%, 0, 0, 10, 269.13
1586573040, 22, 84, 410, 240, 0, 0.77%, 0, 0, 10, 286.28
1586573054, 22, 85, 410, 240, 0, 0.77%, 0, 0, 10, 3.99
1586573059, 22, 94, 410, 240, 0, 0.77%, 0, 0, 10, 296.38
1586573120, 22, 99, 410, 239, 0, 0.77%, 0, 0, 10, 282.85
1586573125, 22, 105, 410, 239, 0, 0.77%, 0, 0, 10, 287.64
1586573130, 22, 120, 410, 239, 0, 0.77%, 0, 0, 10, 293.49
1586573136, 22, 122, 410, 239, 0, 0.77%, 0, 0, 10, 290.66
1586573141, 22, 127, 410, 239, 0, 0.77%, 0, 0, 10, 292.94
1586573163, 22, 138, 410, 239, 0, 0.77%, 0, 0, 10, 1.76
1586573168, 22, 149, 410, 239, 0, 0.77%, 0, 0, 10, 286.16
1586573173, 22, 165, 410, 239, 0, 0.77%, 0, 0, 10, 295.76
1586573180, 22, 171, 410, 239, 0, 0.77%, 0, 0, 10, 9.68
1586573185, 22, 174, 410, 239, 0, 0.77%, 0, 0, 10, 280.68
1586573190, 22, 178, 410, 239, 0, 0.77%, 0, 0, 10, 287.46
1586573195, 22, 191, 410, 239, 0, 0.77%, 0, 0, 10, 291.08
1586573201, 22, 197, 410, 239, 0, 0.77%, 0, 0, 10, 290.30
1586573206, 22, 203, 410, 239, 0, 0.77%, 0, 0, 10, 280.83
1586573211, 22, 209, 410, 239, 0, 0.77%, 0, 0, 10, 284.72
1586573216, 22, 219, 410, 239, 0, 0.77%, 0, 0, 10, 290.42
1586573221, 22, 224, 410, 239, 0, 0.77%, 0, 0, 10, 291.23
1586573226, 22, 226, 410, 239, 0, 0.77%, 0, 0, 10, 291.32
1586573231, 22, 266, 410, 239, 0, 0.77%, 0, 0, 10, 294.79
1586573242, 22, 273, 410, 239, 0, 0.77%, 0, 0, 10, 293.97
1586573252, 22, 274, 410, 239, 0, 0.77%, 0, 0, 10, 295.02
1586573257, 22, 283, 410, 239, 0, 0.77%, 0, 0, 10, 294.81
1586573262, 22, 290, 410, 239, 0, 0.77%, 0, 0, 10, 293.58
1586573286, 22, 294, 410, 239, 0, 0.77%, 0, 0, 10, 1.95
1586573291, 22, 308, 410, 239, 0, 0.77%, 0, 0, 10, 291.59
1586573296, 22, 321, 410, 239, 0, 0.77%, 0, 0, 10, 282.69
1586573301, 22, 324, 410, 239, 0, 0.77%, 0, 0, 10, 284.98
1586573306, 22, 325, 411, 240, 0, 0.77%, 0, 0, 10, 281.83
1586573332, 22, 327, 411, 240, 0, 0.77%, 0, 0, 10, 287.87
1586573337, 22, 330, 411, 240, 0, 0.77%, 0, 0, 10, 278.90
1586573342, 22, 336, 411, 240, 0, 0.77%, 0, 0, 10, 273.30
1586573352, 22, 364, 411, 240, 0, 0.77%, 0, 0, 10, 249.11
1586573358, 22, 373, 411, 240, 0, 0.77%, 0, 0, 10, 263.88
1586573363, 22, 376, 411, 240, 0, 0.77%, 0, 0, 10, 287.67
1586573368, 22, 378, 411, 240, 0, 0.77%, 0, 0, 10, 290.53
1586573378, 22, 394, 411, 240, 0, 0.77%, 0, 0, 10, 277.76
1586573383, 23, 3, 411, 240, 0, 0.77%, 0, 0, 10, 271.57
1586573388, 23, 20, 411, 240, 0, 0.77%, 0, 0, 10, 260.00
1586573394, 23, 47, 411, 240, 0, 0.77%, 0, 0, 10, 276.26
1586573399, 23, 49, 411, 240, 0, 0.77%, 0, 0, 10, 255.95
1586573404, 23, 55, 411, 240, 0, 0.77%, 0, 0, 10, 257.28
1586573465, 23, 58, 411, 239, 0, 0.77%, 0, 0, 10, 277.50
1586573470, 23, 63, 412, 240, 0, 0.77%, 0, 0, 10, 289.28
1586573475, 23, 69, 412, 240, 0, 0.77%, 0, 0, 10, 295.21
1586573480, 23, 77, 412, 240, 0, 0.77%, 0, 0, 10, 294.46
1586573485, 23, 83, 412, 240, 0, 0.77%, 0, 0, 10, 288.86
1586573491, 23, 85, 412, 240, 0, 0.77%, 0, 0, 10, 268.74
1586573496, 23, 99, 412, 240, 0, 0.77%, 0, 0, 10, 241.67
1586573501, 23, 103, 412, 240, 0, 0.77%, 0, 0, 10, 238.06
1586573521, 23, 104, 412, 240, 0, 0.77%, 0, 0, 10, 1.23
1586573526, 23, 105, 412, 240, 0, 0.77%, 0, 0, 10, 23.70
1586573531, 23, 114, 412, 240, 0, 0.77%, 0, 0, 10, 276.42
1586573578, 23, 119, 412, 239, 0, 0.77%, 0, 0, 10, 266.19
1586573584, 23, 120, 412, 239, 0, 0.77%, 0, 0, 10, 259.56
1586573589, 23, 122, 412, 239, 0, 0.77%, 0, 0, 10, 247.96
1586573594, 23, 127, 412, 239, 0, 0.77%, 0, 0, 10, 241.35
1586573599, 23, 138, 412, 239, 0, 0.77%, 0, 0, 10, 257.71
1586573604, 23, 149, 412, 239, 0, 0.77%, 0, 0, 10, 292.90
1586573609, 23, 165, 412, 239, 0, 0.77%, 0, 0, 10, 279.79
1586573634, 23, 171, 412, 239, 0, 0.77%, 0, 0, 10, 1.52
1586573639, 23, 174, 412, 239, 0, 0.77%, 0, 0, 10, 279.15
1586573644, 23, 178, 412, 239, 0, 0.77%, 0, 0, 10, 282.39
1586573649, 23, 191, 412, 239, 0, 0.77%, 0, 0, 10, 282.16
1586573654, 23, 193, 412, 239, 0, 0.77%, 0, 0, 10, 297.65
1586573659, 23, 202, 412, 239, 0, 0.77%, 0, 0, 10, 270.13
1586573664, 23, 209, 412, 239, 0, 0.77%, 0, 0, 10, 292.62
1586573669, 23, 210, 412, 239, 0, 0.77%, 0, 0, 10, 293.58
1586573674, 23, 224, 412, 239, 0, 0.77%, 0, 0, 10, 280.64
1586573679, 23, 226, 412, 239, 0, 0.77%, 0, 0, 10, 292.70
1586573684, 23, 234, 412, 239, 0, 0.77%, 0, 0, 10, 292.62
1586573690, 23, 235, 412, 239, 0, 0.77%, 0, 0, 10, 299.21
1586573695, 23, 250, 412, 239, 0, 0.77%, 0, 0, 10, 331.05
1586573751, 23, 266, 412, 238, 0, 0.77%, 0, 0, 10, 297.13
1586573756, 23, 272, 412, 238, 0, 0.77%, 0, 0, 10, 297.37
1586573761, 23, 273, 412, 238, 0, 0.77%, 0, 0, 10, 299.18
1586573787, 23, 274, 412, 238, 0, 0.77%, 0, 0, 10, 287.63
1586573792, 23, 282, 412, 238, 0, 0.77%, 0, 0, 10, 295.99
1586573797, 23, 288, 412, 238, 0, 0.77%, 0, 0, 10, 293.03
1586573803, 23, 294, 412, 238, 0, 0.77%, 0, 0, 10, 292.99
1586573808, 23, 308, 412, 238, 0, 0.77%, 0, 0, 10, 291.62
1586573813, 23, 318, 412, 238, 0, 0.77%, 0, 0, 10, 289.46
1586573818, 23, 324, 412, 238, 0, 0.77%, 0, 0, 10, 290.69
1586573823, 23, 325, 412, 238, 0, 0.77%, 0, 0, 10, 291.44
1586573828, 23, 327, 412, 238, 0, 0.77%, 0, 0, 10, 293.48
1586573833, 23, 330, 412, 238, 0, 0.77%, 0, 0, 10, 288.97
1586573839, 23, 336, 412, 238, 0, 0.77%, 0, 0, 10, 298.00
1586573849, 23, 348, 412, 238, 0, 0.77%, 0, 0, 10, 319.82
1586573941, 23, 356, 412, 237, 0, 0.77%, 0, 0, 10, 293.76
1586573946, 23, 364, 412, 237, 0, 0.77%, 0, 0, 10, 294.83
1586573952, 23, 373, 412, 237, 0, 0.77%, 0, 0, 10, 297.41
1586573975, 23, 376, 412, 237, 0, 0.77%, 0, 0, 10, 1.72
1586573980, 23, 378, 412, 237, 0, 0.77%, 0, 0, 10, 267.08
1586573990, 23, 384, 413, 238, 0, 0.77%, 0, 0, 10, 318.57
1586574028, 23, 384, 414, 239, 0, 0.77%, 0, 0, 10, 287.78
1586574063, 23, 384, 415, 240, 0, 0.77%, 0, 0, 10, 0.25
1586574123, 23, 384, 416, 241, 0, 0.77%, 0, 0, 10, 286.61
1586574140, 23, 384, 417, 242, 0, 0.77%, 0, 0, 10, 277.61
1586574324, 23, 387, 417, 241, 0, 0.77%, 0, 0, 10, 253.49
1586574329, 23, 387, 418, 242, 0, 0.77%, 0, 0, 10, 312.60
1586574504, 23, 394, 418, 241, 0, 0.77%, 0, 0, 10, 2.71
1586574536, 24, 0, 418, 241, 0, 0.77%, 0, 0, 10, 0.95
1586574564, 24, 3, 418, 241, 0, 0.77%, 0, 0, 10, 8.09
1586574596, 24, 28, 418, 241, 0, 0.77%, 0, 0, 10, 273.67
1586574627, 24, 47, 418, 241, 0, 0.77%, 0, 0, 10, 2.07
1586574657, 24, 49, 418, 241, 0, 0.77%, 0, 0, 10, 2.06
1586574662, 24, 58, 418, 241, 0, 0.77%, 0, 0, 10, 271.42
1586574668, 24, 59, 418, 241, 0, 0.77%, 0, 0, 10, 6.93
1586574682, 24, 64, 418, 241, 0, 0.77%, 0, 0, 10, 18.92
1586574689, 24, 66, 418, 241, 0, 0.77%, 0, 0, 10, 13.40
1586574697, 24, 69, 418, 241, 0, 0.77%, 0, 0, 10, 13.47
1586574702, 24, 75, 418, 241, 0, 0.77%, 0, 0, 10, 240.10
1586574708, 24, 77, 418, 241, 0, 0.77%, 0, 0, 10, 19.87
1586574713, 24, 78, 418, 241, 0, 0.77%, 0, 0, 10, 210.05
1586574739, 24, 83, 418, 241, 0, 0.77%, 0, 0, 10, 2.21
1586574750, 24, 84, 418, 241, 0, 0.77%, 0, 0, 10, 258.78
1586574756, 24, 85, 418, 241, 0, 0.77%, 0, 0, 10, 5.43
1586574761, 24, 87, 418, 241, 0, 0.77%, 0, 0, 10, 241.26
1586574766, 24, 88, 418, 241, 0, 0.77%, 0, 0, 10, 270.71
1586574771, 24, 103, 418, 241, 0, 0.77%, 0, 0, 10, 272.47
1586574776, 24, 105, 418, 241, 0, 0.77%, 0, 0, 10, 289.01
1586574784, 24, 120, 418, 241, 0, 0.77%, 0, 0, 10, 5.69
1586574813, 24, 122, 418, 241, 0, 0.77%, 0, 0, 10, 256.06
1586574842, 24, 123, 418, 241, 0, 0.77%, 0, 0, 10, 278.50
1586574857, 24, 127, 418, 241, 0, 0.77%, 0, 0, 10, 257.68
1586574862, 24, 138, 418, 241, 0, 0.77%, 0, 0, 10, 273.64
1586574869, 24, 139, 418, 241, 0, 0.77%, 0, 0, 10, 15.28
1586574874, 24, 149, 418, 241, 0, 0.77%, 0, 0, 10, 279.50
1586574879, 24, 165, 418, 241, 0, 0.77%, 0, 0, 10, 268.75
1586574884, 24, 171, 418, 241, 0, 0.77%, 0, 0, 10, 283.79
1586574890, 24, 174, 418, 241, 0, 0.77%, 0, 0, 10, 270.42
1586574895, 24, 176, 418, 241, 0, 0.77%, 0, 0, 10, 280.76
1586574921, 24, 179, 418, 241, 0, 0.77%, 0, 0, 10, 263.25
1586574927, 24, 188, 418, 241, 0, 0.77%, 0, 0, 10, 271.12
1586574962, 24, 191, 418, 241, 0, 0.77%, 0, 0, 10, 2.27
1586574981, 24, 193, 418, 241, 0, 0.77%, 0, 0, 10, 267.37
1586575012, 24, 197, 418, 241, 0, 0.77%, 0, 0, 10, 262.82
1586575042, 24, 202, 418, 241, 0, 0.77%, 0, 0, 10, 14.46
1586575054, 24, 205, 418, 241, 0, 0.77%, 0, 0, 10, 12.98
1586575059, 24, 209, 418, 241, 0, 0.77%, 0, 0, 10, 281.58
1586575083, 24, 210, 418, 241, 0, 0.77%, 0, 0, 10, 11.85
1586575088, 24, 219, 418, 241, 0, 0.77%, 0, 0, 10, 273.74
1586575112, 24, 224, 418, 241, 0, 0.77%, 0, 0, 10, 273.38
1586575119, 24, 226, 418, 241, 0, 0.77%, 0, 0, 10, 2.38
1586575153, 24, 235, 418, 241, 0, 0.77%, 0, 0, 10, 280.76
1586575175, 24, 266, 418, 241, 0, 0.77%, 0, 0, 10, 1.05
1586575213, 24, 272, 418, 241, 0, 0.77%, 0, 0, 10, 2.04
1586575218, 24, 273, 418, 241, 0, 0.77%, 0, 0, 10, 273.37
1586575292, 24, 274, 418, 241, 0, 0.77%, 0, 0, 10, 2.79
1586575349, 24, 282, 418, 241, 0, 0.77%, 0, 0, 10, 3.96
1586575374, 24, 283, 418, 241, 0, 0.77%, 0, 0, 10, 0.24
1586575401, 24, 288, 418, 241, 0, 0.77%, 0, 0, 10, 9.63
1586575501, 24, 290, 418, 241, 0, 0.77%, 0, 0, 10, 1.49
1586575519, 24, 294, 418, 241, 0, 0.77%, 0, 0, 10, 22.36
1586575554, 24, 308, 418, 241, 0, 0.77%, 0, 0, 10, 4.89
1586575612, 24, 318, 418, 241, 0, 0.77%, 0, 0, 10, 245.21
1586575656, 24, 321, 418, 241, 0, 0.77%, 0, 0, 10, 249.76
1586575690, 24, 324, 418, 241, 0, 0.77%, 0, 0, 10, 14.17
1586575727, 24, 325, 418, 241, 0, 0.77%, 0, 0, 10, 2.66
1586575808, 24, 327, 418, 241, 0, 0.77%, 0, 0, 10, 298.00
1586575873, 24, 330, 418, 241, 0, 0.77%, 0, 0, 10, 262.38
1586575902, 24, 336, 418, 241, 0, 0.77%, 0, 0, 10, 3.58
1586575966, 24, 356, 418, 241, 0, 0.77%, 0, 0, 10, 264.28
1586575993, 24, 364, 418, 241, 0, 0.77%, 0, 0, 10, 3.79
1586576023, 24, 373, 418, 241, 0, 0.77%, 0, 0, 10, 2.08
1586576050, 24, 376, 418, 241, 0, 0.77%, 0, 0, 10, 15.81
1586576110, 24, 378, 418, 241, 0, 0.77%, 0, 0, 10, 10.17
1586576122, 24, 394, 418, 241, 0, 0.77%, 0, 0, 10, 28.89
1586576156, 25, 0, 418, 241, 0, 0.77%, 0, 0, 10, 7.92
1586576219, 25, 1, 418, 241, 0, 0.77%, 0, 0, 10, 0.37
1586576225, 25, 3, 418, 241, 0, 0.77%, 0, 0, 10, 5.39
1586576267, 25, 20, 418, 241, 0, 0.77%, 0, 0, 10, 9.80
1586576272, 25, 28, 418, 241, 0, 0.77%, 0, 0, 10, 275.20
1586576279, 25, 47, 418, 241, 0, 0.77%, 0, 0, 10, 21.40
1586576340, 25, 49, 418, 241, 0, 0.77%, 0, 0, 10, 10.36
1586576346, 25, 58, 418, 241, 0, 0.77%, 0, 0, 10, 11.38
1586576367, 25, 59, 418, 241, 0, 0.77%, 0, 0, 10, 225.92
1586576373, 25, 66, 418, 241, 0, 0.77%, 0, 0, 10, 252.64
1586576378, 25, 73, 418, 241, 0, 0.77%, 0, 0, 10, 8.16
1586576384, 25, 75, 418, 241, 0, 0.77%, 0, 0, 10, 11.55
1586576414, 25, 77, 418, 241, 0, 0.77%, 0, 0, 10, 0.34
1586576419, 25, 78, 418, 241, 0, 0.77%, 0, 0, 10, 264.55
1586576426, 25, 83, 418, 241, 0, 0.77%, 0, 0, 10, 14.39
1586576471, 25, 84, 418, 241, 0, 0.77%, 0, 0, 10, 2.69
1586576483, 25, 85, 418, 241, 0, 0.77%, 0, 0, 10, 6.20
1586576546, 25, 88, 418, 241, 0, 0.77%, 0, 0, 10, 20.41
1586576552, 25, 99, 418, 241, 0, 0.77%, 0, 0, 10, 24.27
1586576564, 25, 104, 418, 241, 0, 0.77%, 0, 0, 10, 262.37
1586576569, 25, 105, 418, 241, 0, 0.77%, 0, 0, 10, 18.16
1586576576, 25, 106, 418, 241, 0, 0.77%, 0, 0, 10, 13.61
1586576602, 25, 119, 418, 240, 0, 0.77%, 0, 0, 10, 251.65
1586576607, 25, 121, 418, 240, 0, 0.77%, 0, 0, 10, 272.94
1586576630, 25, 122, 418, 240, 0, 0.77%, 0, 0, 10, 2.73
1586576657, 25, 123, 418, 240, 0, 0.77%, 0, 0, 10, 6.22
1586576731, 25, 127, 418, 240, 0, 0.77%, 0, 0, 10, 1.63
1586576756, 25, 138, 418, 240, 0, 0.77%, 0, 0, 10, 245.25
1586576792, 25, 149, 418, 240, 0, 0.77%, 0, 0, 10, 263.27
1586576797, 25, 165, 418, 240, 0, 0.77%, 0, 0, 10, 43.34
1586576803, 25, 171, 418, 240, 0, 0.77%, 0, 0, 10, 293.26
1586576813, 25, 174, 418, 240, 0, 0.77%, 0, 0, 10, 269.00
1586576843, 25, 178, 418, 240, 0, 0.77%, 0, 0, 10, 0.12
1586576866, 25, 179, 418, 240, 0, 0.77%, 0, 0, 10, 0.10
1586576871, 25, 188, 418, 240, 0, 0.77%, 0, 0, 10, 287.29
1586576877, 25, 191, 418, 240, 0, 0.77%, 0, 0, 10, 2.20
1586576882, 25, 197, 418, 240, 0, 0.77%, 0, 0, 10, 282.95
1586576887, 25, 202, 418, 240, 0, 0.77%, 0, 0, 10, 280.25
1586576893, 25, 203, 418, 240, 0, 0.77%, 0, 0, 10, 13.95
1586576898, 25, 209, 419, 241, 0, 0.77%, 0, 0, 10, 273.93
1586576924, 25, 210, 419, 241, 0, 0.77%, 0, 0, 10, 0.98
1586576950, 25, 219, 419, 241, 0, 0.77%, 0, 0, 10, 262.09
1586576955, 25, 224, 419, 241, 0, 0.77%, 0, 0, 10, 279.22
1586576960, 25, 225, 419, 241, 0, 0.77%, 0, 0, 10, 298.51
1586576967, 25, 226, 419, 241, 0, 0.77%, 0, 0, 10, 7.81
1586576993, 25, 235, 419, 241, 0, 0.77%, 0, 0, 10, 266.46
1586577018, 25, 266, 419, 241, 0, 0.77%, 0, 0, 10, 2.82
1586577044, 25, 266, 420, 242, 0, 0.77%, 0, 0, 10, 0.66
1586577109, 25, 273, 420, 242, 0, 0.77%, 0, 0, 10, 270.99
1586577183, 25, 274, 420, 242, 0, 0.77%, 0, 0, 10, 1.88
