# unix_time, cycles_done, cur_path, paths_total, pending_total, pending_favs, map_size, unique_crashes, unique_hangs, max_depth, execs_per_sec
1586386291, 0, 0, 1, 1, 0, 0.08%, 0, 0, 1, 222.22
1586386297, 0, 0, 57, 57, 0, 0.31%, 0, 0, 2, 285.90
1586386302, 0, 0, 76, 76, 0, 0.33%, 0, 0, 2, 297.03
1586386307, 0, 0, 89, 89, 0, 0.35%, 0, 0, 2, 298.26
1586386312, 0, 0, 95, 95, 0, 0.35%, 0, 0, 2, 300.43
1586386317, 0, 0, 98, 98, 0, 0.36%, 0, 0, 2, 294.92
1586386322, 0, 0, 103, 103, 0, 0.36%, 0, 0, 2, 255.86
1586386328, 0, 0, 106, 106, 0, 0.36%, 0, 0, 2, 263.57
1586386333, 0, 0, 108, 108, 0, 0.36%, 0, 0, 2, 26.67
1586386338, 0, 0, 110, 110, 0, 0.36%, 0, 0, 2, 229.84
1586386343, 0, 0, 111, 111, 0, 0.36%, 0, 0, 2, 153.18
1586386367, 0, 0, 112, 112, 0, 0.36%, 0, 0, 2, 2.21
1586386373, 0, 0, 115, 115, 0, 0.37%, 0, 0, 2, 284.24
1586386378, 0, 0, 117, 117, 0, 0.37%, 0, 0, 2, 297.52
1586386383, 0, 0, 119, 119, 0, 0.37%, 0, 0, 2, 296.10
1586386388, 0, 0, 123, 123, 0, 0.38%, 0, 0, 2, 145.54
1586386393, 0, 0, 124, 124, 0, 0.38%, 0, 0, 2, 263.42
1586386398, 0, 0, 125, 125, 0, 0.38%, 0, 0, 2, 276.43
1586386408, 0, 0, 128, 128, 0, 0.42%, 0, 0, 2, 269.35
1586386444, 0, 3, 130, 129, 38, 0.42%, 0, 0, 3, 321.97
1586386449, 0, 3, 134, 133, 38, 0.44%, 0, 0, 3, 270.01
1586386460, 0, 3, 135, 134, 38, 0.44%, 0, 0, 3, 279.79
1586386465, 0, 3, 137, 136, 38, 0.44%, 0, 0, 3, 278.30
1586386470, 0, 3, 138, 137, 38, 0.44%, 0, 0, 3, 283.87
1586386475, 0, 3, 140, 139, 38, 0.44%, 0, 0, 3, 303.59
1586386480, 0, 3, 141, 140, 38, 0.44%, 0, 0, 3, 287.08
1586386485, 0, 3, 142, 141, 38, 0.44%, 0, 0, 3, 296.52
1586386496, 0, 3, 143, 142, 38, 0.44%, 0, 0, 3, 285.33
1586386501, 0, 3, 144, 143, 38, 0.44%, 0, 0, 3, 294.78
1586386506, 0, 3, 146, 145, 38, 0.45%, 0, 0, 3, 290.00
1586386511, 0, 3, 147, 146, 38, 0.45%, 0, 0, 3, 296.28
1586386516, 0, 3, 149, 148, 38, 0.45%, 0, 0, 3, 297.06
1586386521, 0, 3, 151, 150, 38, 0.45%, 0, 0, 3, 293.17
1586386526, 0, 3, 152, 151, 38, 0.45%, 0, 0, 3, 293.16
1586386541, 0, 3, 153, 152, 38, 0.45%, 0, 0, 3, 293.04
1586386557, 0, 3, 154, 153, 38, 0.45%, 0, 0, 3, 285.68
1586386562, 0, 4, 154, 152, 43, 0.45%, 0, 0, 3, 288.33
1586386567, 0, 4, 156, 154, 43, 0.45%, 0, 0, 3, 284.48
1586386577, 0, 15, 156, 153, 43, 0.45%, 0, 0, 3, 292.32
1586386582, 0, 15, 157, 154, 43, 0.45%, 0, 0, 3, 291.21
1586386587, 0, 19, 162, 158, 43, 0.45%, 0, 0, 3, 300.81
1586386593, 0, 20, 162, 157, 45, 0.45%, 0, 0, 3, 306.36
1586386598, 0, 22, 162, 156, 44, 0.45%, 0, 0, 3, 296.42
1586386603, 0, 24, 162, 155, 43, 0.45%, 0, 0, 3, 310.85
1586386608, 0, 27, 162, 154, 42, 0.45%, 0, 0, 3, 286.05
1586386613, 0, 29, 163, 154, 41, 0.46%, 0, 0, 3, 289.57
1586386618, 0, 31, 163, 153, 40, 0.46%, 0, 0, 3, 300.27
1586386623, 0, 31, 164, 154, 40, 0.46%, 0, 0, 3, 284.07
1586386629, 0, 34, 165, 154, 40, 0.46%, 0, 0, 3, 283.08
1586386634, 0, 36, 165, 153, 39, 0.46%, 0, 0, 3, 275.79
1586386639, 0, 36, 167, 155, 39, 0.46%, 0, 0, 3, 276.76
1586386649, 0, 36, 168, 156, 39, 0.48%, 0, 0, 3, 260.17
1586386654, 0, 36, 169, 157, 39, 0.50%, 0, 0, 3, 288.40
1586386674, 0, 36, 170, 158, 39, 0.50%, 0, 0, 3, 274.80
1586386695, 0, 36, 171, 159, 39, 0.50%, 0, 0, 3, 269.47
1586386700, 0, 36, 172, 160, 39, 0.50%, 0, 0, 3, 280.24
1586386720, 0, 36, 173, 161, 39, 0.50%, 0, 0, 3, 275.53
1586386761, 0, 37, 173, 160, 41, 0.50%, 0, 0, 3, 291.91
1586386766, 0, 40, 173, 158, 39, 0.50%, 0, 0, 3, 312.69
1586386782, 0, 44, 173, 157, 38, 0.50%, 0, 0, 3, 298.61
1586386787, 0, 44, 174, 158, 38, 0.51%, 0, 0, 3, 318.22
1586386797, 0, 45, 174, 157, 37, 0.51%, 0, 0, 3, 297.28
1586386807, 0, 47, 174, 156, 36, 0.51%, 0, 0, 3, 283.11
1586386812, 0, 48, 174, 155, 35, 0.51%, 0, 0, 3, 294.46
1586386818, 0, 60, 175, 155, 34, 0.51%, 0, 0, 3, 313.07
1586386843, 0, 60, 182, 162, 34, 0.51%, 0, 0, 3, 329.47
1586386848, 0, 60, 184, 164, 34, 0.51%, 0, 0, 3, 329.90
1586386853, 0, 60, 188, 168, 34, 0.51%, 0, 0, 3, 336.63
1586386899, 0, 60, 190, 170, 34, 0.52%, 0, 0, 3, 317.96
1586386976, 0, 60, 191, 171, 34, 0.52%, 0, 0, 3, 300.23
1586386981, 0, 70, 191, 170, 34, 0.52%, 0, 0, 3, 300.22
1586386997, 0, 74, 193, 171, 33, 0.52%, 0, 0, 3, 320.03
1586387007, 0, 78, 193, 170, 33, 0.52%, 0, 0, 3, 291.63
1586387012, 0, 79, 193, 169, 32, 0.52%, 0, 0, 3, 298.20
1586387017, 0, 84, 193, 168, 31, 0.52%, 0, 0, 3, 321.95
1586387027, 0, 84, 194, 169, 31, 0.52%, 0, 0, 3, 329.66
1586387053, 0, 84, 195, 170, 31, 0.52%, 0, 0, 3, 323.74
1586387251, 0, 88, 197, 171, 29, 0.52%, 0, 0, 3, 311.10
1586387438, 0, 93, 197, 170, 29, 0.52%, 0, 0, 3, 283.98
1586387443, 0, 97, 197, 169, 28, 0.52%, 0, 0, 3, 293.32
1586387454, 0, 102, 197, 168, 27, 0.52%, 0, 0, 3, 309.22
1586387459, 0, 123, 198, 168, 26, 0.52%, 0, 0, 3, 305.52
1586387474, 0, 125, 198, 167, 26, 0.52%, 0, 0, 3, 272.42
1586387820, 0, 125, 199, 168, 26, 0.52%, 0, 0, 3, 276.60
1586387826, 0, 125, 200, 169, 26, 0.52%, 0, 0, 3, 265.52
1586387831, 0, 125, 201, 170, 26, 0.52%, 0, 0, 3, 264.52
1586387836, 0, 125, 202, 171, 26, 0.52%, 0, 0, 3, 243.65
1586387841, 0, 125, 204, 173, 26, 0.52%, 0, 0, 3, 261.60
1586387851, 0, 125, 205, 174, 26, 0.52%, 0, 0, 3, 267.81
1586387856, 0, 125, 207, 176, 26, 0.52%, 0, 0, 3, 262.45
1586387861, 0, 125, 208, 177, 26, 0.56%, 0, 0, 3, 264.07
1586387918, 0, 127, 212, 180, 27, 0.57%, 0, 0, 3, 309.48
1586387948, 0, 128, 212, 179, 27, 0.57%, 0, 0, 3, 318.85
1586387953, 0, 130, 215, 181, 26, 0.59%, 0, 0, 4, 26.55
1586387958, 0, 130, 216, 182, 26, 0.59%, 0, 0, 4, 338.85
1586387968, 0, 130, 218, 184, 26, 0.59%, 0, 0, 4, 282.60
1586387984, 0, 134, 218, 183, 29, 0.59%, 0, 0, 4, 296.44
1586387989, 0, 139, 219, 183, 28, 0.60%, 0, 0, 4, 280.96
1586387994, 0, 140, 219, 182, 28, 0.60%, 0, 0, 4, 300.06
1586387999, 0, 142, 219, 181, 27, 0.60%, 0, 0, 4, 316.09
1586388624, 0, 144, 219, 180, 27, 0.60%, 0, 0, 4, 311.06
1586388634, 0, 155, 219, 178, 25, 0.60%, 0, 0, 4, 313.44
1586388639, 0, 155, 228, 187, 25, 0.60%, 0, 0, 4, 331.47
1586388659, 0, 155, 232, 191, 25, 0.62%, 0, 0, 4, 296.16
1586388675, 0, 155, 235, 194, 25, 0.62%, 0, 0, 4, 287.19
1586388680, 0, 155, 237, 196, 25, 0.63%, 0, 0, 4, 287.06
1586388700, 0, 155, 238, 197, 25, 0.63%, 0, 0, 4, 287.09
1586388710, 0, 155, 239, 198, 25, 0.63%, 0, 0, 4, 290.54
1586388716, 0, 155, 241, 200, 25, 0.63%, 0, 0, 4, 293.31
1586388741, 0, 157, 241, 199, 27, 0.63%, 0, 0, 4, 282.48
1586388746, 0, 158, 242, 199, 26, 0.63%, 0, 0, 4, 288.09
1586388751, 0, 160, 246, 202, 26, 0.63%, 0, 0, 4, 288.48
1586388757, 0, 160, 248, 204, 26, 0.63%, 0, 0, 4, 261.26
1586388762, 0, 160, 249, 205, 26, 0.63%, 0, 0, 4, 279.72
1586388767, 0, 160, 250, 206, 26, 0.63%, 0, 0, 4, 283.77
1586388777, 0, 160, 251, 207, 26, 0.63%, 0, 0, 4, 284.86
1586388843, 0, 160, 252, 208, 26, 0.63%, 0, 0, 4, 284.75
1586388853, 0, 160, 253, 209, 26, 0.63%, 0, 0, 4, 264.86
1586388885, 0, 162, 257, 212, 25, 0.64%, 0, 0, 4, 276.09
1586388890, 0, 173, 257, 211, 25, 0.64%, 0, 0, 4, 300.30
1586388921, 0, 173, 258, 212, 25, 0.64%, 0, 0, 4, 292.42
1586388926, 0, 173, 259, 213, 25, 0.64%, 0, 0, 4, 266.92
1586388936, 0, 174, 261, 214, 25, 0.64%, 0, 0, 4, 313.12
1586388952, 0, 174, 262, 215, 25, 0.64%, 0, 0, 4, 308.24
1586389100, 0, 193, 263, 215, 25, 0.64%, 0, 0, 4, 314.10
1586389263, 0, 196, 263, 214, 25, 0.64%, 0, 0, 4, 289.95
1586389268, 0, 196, 264, 215, 25, 0.64%, 0, 0, 4, 314.85
1586389427, 0, 197, 264, 214, 25, 0.64%, 0, 0, 4, 267.70
1586389432, 0, 197, 266, 216, 25, 0.65%, 0, 0, 4, 305.13
1586389442, 0, 198, 266, 215, 24, 0.65%, 0, 0, 4, 283.03
1586389477, 0, 207, 266, 214, 23, 0.65%, 0, 0, 4, 292.78
1586389488, 0, 207, 274, 222, 23, 0.66%, 0, 0, 4, 315.96
1586389539, 0, 207, 275, 223, 23, 0.66%, 0, 0, 4, 319.32
1586389554, 0, 207, 278, 226, 23, 0.66%, 0, 0, 4, 298.66
1586389595, 0, 207, 279, 227, 23, 0.66%, 0, 0, 4, 285.27
1586389636, 0, 207, 280, 228, 23, 0.66%, 0, 0, 4, 275.80
1586389642, 0, 209, 290, 237, 23, 0.66%, 0, 0, 4, 331.68
1586389673, 0, 210, 294, 240, 23, 0.66%, 0, 0, 4, 307.93
1586389703, 0, 210, 296, 242, 23, 0.67%, 0, 0, 4, 304.46
1586389708, 0, 210, 298, 244, 23, 0.67%, 0, 0, 4, 283.64
1586389713, 0, 210, 301, 247, 23, 0.67%, 0, 0, 4, 290.39
1586389719, 0, 210, 302, 248, 23, 0.67%, 0, 0, 4, 292.41
1586389734, 0, 210, 303, 249, 23, 0.67%, 0, 0, 4, 263.94
1586389820, 0, 211, 303, 248, 22, 0.67%, 0, 0, 4, 292.57
1586389856, 0, 212, 303, 247, 21, 0.67%, 0, 0, 4, 317.30
1586389871, 0, 213, 303, 246, 20, 0.67%, 0, 0, 4, 292.60
1586389891, 0, 214, 319, 261, 19, 0.68%, 0, 0, 5, 2.87
1586389897, 0, 214, 323, 265, 19, 0.69%, 0, 0, 5, 309.36
1586389902, 0, 214, 324, 266, 19, 0.69%, 0, 0, 5, 288.06
1586389912, 0, 214, 325, 267, 19, 0.69%, 0, 0, 5, 267.66
1586389952, 0, 215, 325, 266, 27, 0.69%, 0, 0, 5, 328.36
1586389973, 0, 218, 328, 268, 26, 0.69%, 0, 0, 5, 289.63
1586389978, 0, 219, 328, 267, 26, 0.69%, 0, 0, 5, 308.09
1586390009, 0, 226, 328, 266, 25, 0.69%, 0, 0, 5, 277.15
1586390045, 0, 231, 328, 265, 24, 0.69%, 0, 0, 5, 274.00
1586390086, 0, 241, 328, 264, 23, 0.69%, 0, 0, 5, 287.37
1586390091, 0, 241, 329, 265, 23, 0.69%, 0, 0, 5, 289.22
1586390101, 0, 243, 329, 264, 22, 0.69%, 0, 0, 5, 270.49
1586390106, 0, 243, 330, 265, 22, 0.69%, 0, 0, 5, 250.75
1586390116, 0, 243, 331, 266, 22, 0.69%, 0, 0, 5, 265.55
1586390121, 0, 243, 332, 267, 22, 0.69%, 0, 0, 5, 261.48
1586390167, 0, 243, 333, 268, 22, 0.69%, 0, 0, 5, 280.95
1586390177, 0, 243, 334, 269, 22, 0.69%, 0, 0, 5, 285.68
1586390223, 0, 244, 334, 268, 21, 0.69%, 0, 0, 5, 293.90
1586390234, 0, 256, 337, 270, 20, 0.69%, 0, 0, 5, 290.85
1586390239, 0, 258, 338, 270, 20, 0.69%, 0, 0, 5, 296.01
1586390254, 0, 261, 339, 270, 19, 0.69%, 0, 0, 5, 336.03
1586390422, 0, 262, 339, 269, 19, 0.69%, 0, 0, 5, 291.64
1586390585, 0, 263, 339, 268, 18, 0.69%, 0, 0, 5, 267.59
1586390616, 0, 263, 340, 269, 18, 0.69%, 0, 0, 5, 325.57
1586390753, 0, 265, 344, 272, 18, 0.70%, 0, 0, 5, 301.18
1586390769, 0, 269, 344, 271, 18, 0.70%, 0, 0, 5, 309.18
1586390820, 0, 269, 345, 272, 18, 0.70%, 0, 0, 5, 325.12
1586390835, 0, 269, 346, 273, 18, 0.70%, 0, 0, 5, 318.40
1586390851, 0, 269, 347, 274, 18, 0.70%, 0, 0, 5, 284.42
1586390866, 0, 280, 348, 274, 18, 0.70%, 0, 0, 5, 297.22
1586390871, 0, 280, 350, 276, 18, 0.70%, 0, 0, 5, 327.95
1586390906, 0, 303, 350, 275, 18, 0.70%, 0, 0, 5, 272.29
1586390912, 0, 303, 351, 276, 18, 0.70%, 0, 0, 6, 293.62
1586390922, 0, 303, 352, 277, 18, 0.70%, 0, 0, 6, 270.96
1586390932, 0, 303, 353, 278, 18, 0.70%, 0, 0, 6, 263.64
1586391003, 0, 304, 354, 278, 17, 0.70%, 0, 0, 6, 317.50
1586391023, 0, 306, 354, 277, 16, 0.70%, 0, 0, 6, 303.86
1586391039, 0, 308, 355, 277, 15, 0.70%, 0, 0, 6, 285.48
1586391054, 0, 308, 358, 280, 15, 0.70%, 0, 0, 6, 275.62
1586391059, 0, 308, 359, 281, 15, 0.70%, 0, 0, 6, 271.86
1586391095, 0, 308, 361, 283, 15, 0.70%, 0, 0, 6, 273.88
1586391157, 0, 316, 361, 282, 15, 0.70%, 0, 0, 6, 282.08
1586391177, 0, 317, 361, 281, 14, 0.70%, 0, 0, 6, 307.89
1586391192, 0, 317, 362, 282, 14, 0.70%, 0, 0, 6, 282.46
1586391208, 0, 319, 370, 289, 13, 0.70%, 0, 0, 6, 319.66
1586391213, 0, 319, 371, 290, 13, 0.70%, 0, 0, 6, 304.84
1586391218, 0, 319, 372, 291, 13, 0.70%, 0, 0, 6, 286.53
1586391259, 0, 320, 372, 290, 15, 0.70%, 0, 0, 6, 310.60
1586391275, 0, 320, 373, 291, 15, 0.70%, 0, 0, 6, 274.89
1586391290, 0, 321, 373, 290, 14, 0.70%, 0, 0, 6, 315.71
1586391305, 0, 322, 374, 290, 13, 0.73%, 0, 0, 6, 296.12
1586391325, 0, 327, 375, 290, 13, 0.73%, 0, 0, 6, 298.07
1586391330, 0, 336, 376, 290, 13, 0.73%, 0, 0, 6, 314.24
1586391335, 0, 338, 377, 290, 13, 0.73%, 0, 0, 6, 298.03
1586391504, 0, 339, 377, 289, 13, 0.73%, 0, 0, 6, 308.18
1586391671, 0, 343, 377, 288, 12, 0.73%, 0, 0, 6, 289.38
1586391686, 0, 344, 377, 287, 11, 0.73%, 0, 0, 6, 303.72
1586391697, 0, 344, 378, 288, 11, 0.73%, 0, 0, 6, 315.71
1586391702, 0, 344, 379, 289, 11, 0.73%, 0, 0, 6, 324.23
1586391712, 0, 344, 380, 290, 11, 0.73%, 0, 0, 6, 308.69
1586391717, 0, 344, 382, 292, 11, 0.74%, 0, 0, 6, 317.88
1586391727, 0, 344, 383, 293, 11, 0.74%, 0, 0, 6, 275.18
1586391743, 0, 348, 383, 292, 12, 0.74%, 0, 0, 6, 226.01
1586391748, 0, 348, 385, 294, 12, 0.74%, 0, 0, 6, 262.83
1586391753, 0, 348, 386, 295, 12, 0.74%, 0, 0, 6, 304.18
1586391789, 0, 362, 386, 294, 12, 0.74%, 0, 0, 6, 277.09
1586391810, 0, 362, 387, 295, 12, 0.74%, 0, 0, 7, 270.69
1586391843, 0, 363, 388, 295, 11, 0.74%, 0, 0, 7, 181.63
1586391858, 0, 363, 389, 296, 11, 0.74%, 0, 0, 7, 52.63
1586391874, 0, 363, 390, 297, 11, 0.74%, 0, 0, 7, 268.52
1586391894, 0, 363, 392, 299, 11, 0.74%, 0, 0, 7, 289.11
1586391900, 0, 363, 393, 300, 11, 0.74%, 0, 0, 7, 288.44
1586391951, 0, 368, 393, 299, 10, 0.74%, 0, 0, 7, 307.77
1586391961, 0, 368, 394, 300, 10, 0.74%, 0, 0, 7, 289.20
1586391981, 0, 369, 394, 299, 9, 0.74%, 0, 0, 7, 308.94
1586391986, 0, 369, 395, 300, 9, 0.74%, 0, 0, 7, 302.93
1586392007, 0, 373, 395, 299, 8, 0.74%, 0, 0, 7, 298.74
1586392022, 0, 373, 396, 300, 8, 0.75%, 0, 0, 7, 266.41
1586392038, 0, 374, 398, 301, 7, 0.75%, 0, 0, 7, 297.85
1586392043, 0, 375, 398, 300, 7, 0.75%, 0, 0, 7, 305.38
1586392053, 0, 376, 398, 299, 6, 0.75%, 0, 0, 7, 314.95
1586392216, 0, 381, 398, 298, 5, 0.75%, 0, 0, 7, 311.58
1586392257, 0, 381, 400, 300, 5, 0.75%, 0, 0, 7, 290.86
1586392282, 0, 382, 400, 299, 4, 0.75%, 0, 0, 7, 307.31
1586392298, 0, 382, 401, 300, 4, 0.76%, 0, 0, 7, 302.22
1586392349, 0, 382, 402, 301, 4, 0.76%, 0, 0, 7, 274.66
1586392359, 0, 383, 403, 301, 4, 0.76%, 0, 0, 7, 303.64
1586392369, 0, 383, 404, 302, 4, 0.76%, 0, 0, 7, 330.56
1586392394, 0, 385, 404, 301, 4, 0.76%, 0, 0, 7, 266.19
1586392435, 0, 397, 405, 301, 3, 0.76%, 0, 0, 8, 300.62
1586392440, 0, 400, 405, 300, 3, 0.76%, 0, 0, 8, 26.55
1586392501, 0, 400, 408, 303, 3, 0.76%, 0, 0, 8, 276.61
1586392507, 0, 400, 410, 305, 3, 0.76%, 0, 0, 8, 266.19
1586392613, 0, 403, 411, 305, 2, 0.76%, 0, 0, 8, 281.19
1586392659, 0, 404, 411, 304, 2, 0.76%, 0, 0, 8, 272.14
1586392664, 0, 404, 412, 305, 2, 0.76%, 0, 0, 9, 264.53
1586392669, 0, 404, 413, 306, 2, 0.76%, 0, 0, 9, 288.08
1586392685, 0, 410, 413, 305, 2, 0.76%, 0, 0, 9, 309.83
1586392725, 0, 412, 414, 305, 1, 0.76%, 0, 0, 10, 288.58
1586392735, 0, 413, 414, 304, 1, 0.76%, 0, 0, 10, 299.94
1586392751, 1, 9, 414, 303, 0, 0.76%, 0, 0, 10, 294.65
1586392756, 1, 22, 414, 302, 0, 0.76%, 0, 0, 10, 300.44
1586392761, 1, 38, 414, 302, 0, 0.76%, 0, 0, 10, 292.88
1586392766, 1, 70, 414, 302, 0, 0.76%, 0, 0, 10, 274.80
1586392771, 1, 102, 414, 302, 0, 0.76%, 0, 0, 10, 291.19
1586392776, 1, 125, 414, 301, 0, 0.76%, 0, 0, 10, 282.02
1586392781, 1, 144, 414, 301, 0, 0.76%, 0, 0, 10, 287.56
1586392786, 1, 160, 414, 301, 0, 0.76%, 0, 0, 10, 282.51
1586392791, 1, 210, 414, 301, 0, 0.76%, 0, 0, 10, 296.27
1586392796, 1, 214, 414, 301, 0, 0.76%, 0, 0, 10, 291.42
1586392801, 1, 218, 414, 301, 0, 0.76%, 0, 0, 10, 283.90
1586392806, 1, 219, 415, 302, 0, 0.76%, 0, 0, 10, 294.54
1586392811, 1, 231, 415, 302, 0, 0.76%, 0, 0, 10, 267.44
1586392816, 1, 243, 415, 302, 0, 0.76%, 0, 0, 10, 287.31
1586392821, 1, 262, 415, 302, 0, 0.76%, 0, 0, 10, 278.20
1586392826, 1, 303, 415, 302, 0, 0.76%, 0, 0, 10, 269.75
1586392832, 1, 306, 415, 302, 0, 0.76%, 0, 0, 10, 269.41
1586392837, 1, 316, 415, 302, 0, 0.76%, 0, 0, 10, 263.89
1586392842, 1, 319, 415, 302, 0, 0.76%, 0, 0, 10, 277.06
1586392847, 1, 321, 415, 302, 0, 0.76%, 0, 0, 10, 284.45
1586392852, 1, 343, 415, 302, 0, 0.76%, 0, 0, 10, 286.22
1586392857, 1, 362, 415, 302, 0, 0.76%, 0, 0, 10, 263.68
1586392862, 1, 368, 415, 302, 0, 0.76%, 0, 0, 10, 283.37
1586392867, 1, 373, 415, 302, 0, 0.76%, 0, 0, 10, 276.95
1586392872, 1, 375, 415, 302, 0, 0.76%, 0, 0, 10, 280.46
1586392878, 1, 382, 415, 302, 0, 0.76%, 0, 0, 10, 283.47
1586392883, 1, 410, 415, 302, 0, 0.76%, 0, 0, 10, 290.03
1586392888, 1, 413, 415, 302, 0, 0.76%, 0, 0, 10, 275.92
1586392893, 2, 20, 415, 302, 0, 0.76%, 0, 0, 10, 289.34
1586392898, 2, 37, 415, 302, 0, 0.76%, 0, 0, 10, 283.74
1586392903, 2, 60, 415, 302, 0, 0.76%, 0, 0, 10, 288.82
1586392908, 2, 97, 415, 302, 0, 0.76%, 0, 0, 10, 277.02
1586392913, 2, 130, 415, 302, 0, 0.76%, 0, 0, 10, 285.83
1586392918, 2, 135, 415, 302, 0, 0.76%, 0, 0, 10, 324.91
1586392934, 2, 155, 415, 301, 0, 0.76%, 0, 0, 10, 302.59
1586392939, 2, 198, 415, 301, 0, 0.76%, 0, 0, 10, 278.89
1586392944, 2, 200, 415, 301, 0, 0.76%, 0, 0, 10, 315.42
1586392964, 2, 207, 415, 300, 0, 0.76%, 0, 0, 10, 285.83
1586392969, 2, 213, 415, 300, 0, 0.76%, 0, 0, 10, 287.28
1586392974, 2, 215, 415, 300, 0, 0.76%, 0, 0, 10, 289.82
1586392980, 2, 226, 415, 300, 0, 0.76%, 0, 0, 10, 289.09
1586392985, 2, 241, 415, 300, 0, 0.76%, 0, 0, 10, 289.01
1586392990, 2, 248, 416, 301, 0, 0.76%, 0, 0, 10, 293.23
1586393138, 2, 258, 416, 300, 0, 0.76%, 0, 0, 10, 279.56
1586393143, 2, 294, 416, 300, 0, 0.76%, 0, 0, 10, 298.08
1586393149, 2, 294, 417, 301, 0, 0.76%, 0, 0, 10, 318.54
1586393331, 2, 304, 417, 300, 0, 0.76%, 0, 0, 10, 290.75
1586393336, 2, 308, 417, 300, 0, 0.76%, 0, 0, 10, 282.17
1586393341, 2, 316, 417, 300, 0, 0.76%, 0, 0, 10, 277.30
1586393346, 2, 319, 417, 300, 0, 0.76%, 0, 0, 10, 279.40
1586393351, 2, 321, 417, 300, 0, 0.76%, 0, 0, 10, 278.28
1586393357, 2, 343, 417, 300, 0, 0.76%, 0, 0, 10, 266.45
1586393362, 2, 362, 417, 300, 0, 0.76%, 0, 0, 10, 266.77
1586393367, 2, 368, 417, 300, 0, 0.76%, 0, 0, 10, 258.97
1586393372, 2, 373, 417, 300, 0, 0.76%, 0, 0, 10, 285.74
1586393377, 2, 376, 417, 300, 0, 0.76%, 0, 0, 10, 282.55
1586393382, 2, 385, 417, 300, 0, 0.76%, 0, 0, 10, 284.25
1586393387, 2, 410, 417, 300, 0, 0.76%, 0, 0, 10, 282.31
1586393392, 3, 0, 417, 300, 0, 0.76%, 0, 0, 10, 286.99
1586393397, 3, 24, 417, 300, 0, 0.76%, 0, 0, 10, 291.14
1586393402, 3, 40, 417, 300, 0, 0.76%, 0, 0, 10, 260.24
1586393409, 3, 60, 417, 300, 0, 0.76%, 0, 0, 10, 18.31
1586393414, 3, 97, 417, 300, 0, 0.76%, 0, 0, 10, 281.91
1586393419, 3, 99, 417, 300, 0, 0.76%, 0, 0, 10, 302.04
1586393486, 3, 102, 417, 299, 0, 0.76%, 0, 0, 10, 296.80
1586393491, 3, 134, 417, 299, 0, 0.76%, 0, 0, 10, 285.11
1586393496, 3, 157, 417, 299, 0, 0.76%, 0, 0, 10, 283.06
1586393501, 3, 198, 417, 299, 0, 0.76%, 0, 0, 10, 282.27
1586393506, 3, 213, 417, 299, 0, 0.76%, 0, 0, 10, 280.16
1586393511, 3, 215, 417, 299, 0, 0.76%, 0, 0, 10, 282.65
1586393516, 3, 222, 417, 299, 0, 0.76%, 0, 0, 10, 292.19
1586393552, 3, 222, 418, 300, 0, 0.76%, 0, 0, 10, 34.58
1586393567, 3, 222, 419, 301, 0, 0.76%, 0, 0, 10, 287.64
1586393572, 3, 222, 420, 302, 0, 0.76%, 0, 0, 10, 178.61
1586393578, 3, 222, 421, 303, 0, 0.76%, 0, 0, 10, 294.32
1586393619, 3, 222, 422, 304, 0, 0.76%, 0, 0, 10, 285.85
1586393634, 3, 222, 423, 305, 0, 0.76%, 0, 0, 10, 277.90
1586393644, 3, 231, 423, 304, 0, 0.76%, 0, 0, 10, 285.53
1586393649, 3, 244, 423, 304, 0, 0.76%, 0, 0, 10, 284.49
1586393654, 3, 262, 423, 304, 0, 0.76%, 0, 0, 10, 280.83
1586393659, 3, 281, 423, 304, 0, 0.76%, 0, 0, 10, 305.98
1586393674, 3, 300, 423, 303, 0, 0.76%, 0, 0, 10, 297.46
1586393705, 3, 303, 423, 302, 0, 0.76%, 0, 0, 10, 280.26
1586393710, 3, 306, 423, 302, 0, 0.76%, 0, 0, 10, 274.25
1586393715, 3, 308, 424, 303, 0, 0.76%, 0, 0, 10, 277.81
1586393720, 3, 316, 424, 303, 0, 0.76%, 0, 0, 10, 275.26
1586393725, 3, 319, 424, 303, 0, 0.76%, 0, 0, 10, 289.99
1586393730, 3, 321, 424, 303, 0, 0.76%, 0, 0, 10, 287.34
1586393735, 3, 343, 424, 303, 0, 0.76%, 0, 0, 10, 272.20
1586393740, 3, 363, 424, 303, 0, 0.76%, 0, 0, 10, 282.53
1586393745, 3, 368, 424, 303, 0, 0.76%, 0, 0, 10, 276.40
1586393750, 3, 373, 424, 303, 0, 0.76%, 0, 0, 10, 284.27
1586393755, 3, 381, 424, 303, 0, 0.76%, 0, 0, 10, 288.40
1586393761, 3, 385, 424, 303, 0, 0.76%, 0, 0, 10, 262.02
1586393766, 3, 410, 424, 303, 0, 0.76%, 0, 0, 10, 276.98
1586393771, 3, 413, 424, 303, 0, 0.76%, 0, 0, 10, 261.05
1586393776, 3, 418, 424, 303, 0, 0.76%, 0, 0, 10, 294.73
1586393796, 3, 418, 425, 304, 0, 0.76%, 0, 0, 10, 322.06
1586393827, 3, 418, 426, 305, 0, 0.76%, 0, 0, 10, 272.17
1586393857, 3, 425, 426, 304, 0, 0.76%, 0, 0, 10, 299.07
1586393863, 3, 425, 428, 306, 0, 0.76%, 0, 0, 10, 313.75
1586393924, 3, 425, 429, 307, 0, 0.76%, 0, 0, 10, 285.66
1586393929, 3, 425, 430, 308, 0, 0.76%, 0, 0, 10, 273.07
1586393957, 3, 425, 431, 309, 0, 0.76%, 0, 0, 10, 0.49
1586393967, 3, 425, 432, 310, 0, 0.76%, 0, 0, 10, 265.80
1586393998, 3, 425, 433, 311, 0, 0.76%, 0, 0, 10, 275.39
1586394034, 3, 428, 433, 310, 0, 0.76%, 0, 0, 10, 331.81
1586394116, 3, 428, 434, 311, 0, 0.76%, 0, 0, 10, 287.93
1586394146, 3, 428, 435, 312, 0, 0.76%, 0, 0, 10, 264.44
1586394208, 4, 18, 435, 311, 0, 0.76%, 0, 0, 10, 290.59
1586394213, 4, 24, 435, 310, 0, 0.76%, 0, 0, 10, 275.65
1586394218, 4, 40, 435, 310, 0, 0.76%, 0, 0, 10, 273.54
1586394223, 4, 70, 435, 310, 0, 0.76%, 0, 0, 10, 268.78
1586394228, 4, 102, 435, 310, 0, 0.76%, 0, 0, 10, 274.89
1586394233, 4, 134, 435, 310, 0, 0.76%, 0, 0, 10, 277.84
1586394238, 4, 157, 435, 310, 0, 0.76%, 0, 0, 10, 294.73
1586394243, 4, 207, 435, 310, 0, 0.76%, 0, 0, 10, 262.67
1586394248, 4, 213, 435, 310, 0, 0.76%, 0, 0, 10, 261.40
1586394253, 4, 215, 435, 310, 0, 0.76%, 0, 0, 10, 271.38
1586394258, 4, 219, 435, 310, 0, 0.76%, 0, 0, 10, 261.32
1586394263, 4, 231, 436, 311, 0, 0.77%, 0, 0, 10, 278.88
1586394269, 4, 243, 436, 311, 0, 0.77%, 0, 0, 10, 280.91
1586394274, 4, 258, 436, 311, 0, 0.77%, 0, 0, 10, 291.57
1586394279, 4, 303, 436, 311, 0, 0.77%, 0, 0, 10, 282.19
1586394284, 4, 306, 436, 311, 0, 0.77%, 0, 0, 10, 284.54
1586394290, 4, 308, 436, 311, 0, 0.77%, 0, 0, 10, 6.70
1586394296, 4, 317, 436, 311, 0, 0.77%, 0, 0, 10, 282.09
1586394301, 4, 320, 436, 311, 0, 0.77%, 0, 0, 10, 288.11
1586394306, 4, 339, 436, 311, 0, 0.77%, 0, 0, 10, 282.03
1586394311, 4, 362, 436, 311, 0, 0.77%, 0, 0, 10, 282.58
1586394316, 4, 368, 436, 311, 0, 0.77%, 0, 0, 10, 288.92
1586394321, 4, 373, 436, 311, 0, 0.77%, 0, 0, 10, 287.25
1586394327, 4, 376, 436, 311, 0, 0.77%, 0, 0, 10, 283.80
1586394332, 4, 382, 436, 311, 0, 0.77%, 0, 0, 10, 278.99
1586394337, 4, 404, 436, 311, 0, 0.77%, 0, 0, 10, 276.39
1586394342, 4, 413, 436, 311, 0, 0.77%, 0, 0, 10, 284.23
1586394347, 5, 3, 436, 310, 0, 0.77%, 0, 0, 10, 301.70
1586394352, 5, 22, 436, 310, 0, 0.77%, 0, 0, 10, 271.59
1586394357, 5, 40, 436, 310, 0, 0.77%, 0, 0, 10, 286.97
1586394362, 5, 60, 437, 311, 0, 0.77%, 0, 0, 10, 280.25
1586394385, 5, 78, 437, 311, 0, 0.77%, 0, 0, 10, 0.49
1586394390, 5, 125, 437, 311, 0, 0.77%, 0, 0, 10, 260.02
1586394395, 5, 140, 437, 311, 0, 0.77%, 0, 0, 10, 279.98
1586394400, 5, 159, 437, 311, 0, 0.77%, 0, 0, 10, 286.32
1586394405, 5, 160, 437, 310, 0, 0.77%, 0, 0, 10, 291.61
1586394410, 5, 210, 437, 310, 0, 0.77%, 0, 0, 10, 282.48
1586394416, 5, 214, 437, 310, 0, 0.77%, 0, 0, 10, 286.14
1586394421, 5, 219, 437, 310, 0, 0.77%, 0, 0, 10, 292.82
1586394426, 5, 231, 437, 310, 0, 0.77%, 0, 0, 10, 281.26
1586394431, 5, 243, 437, 310, 0, 0.77%, 0, 0, 10, 267.52
1586394436, 5, 258, 437, 310, 0, 0.77%, 0, 0, 10, 287.11
1586394441, 5, 285, 437, 310, 0, 0.77%, 0, 0, 10, 318.41
1586394477, 5, 303, 437, 309, 0, 0.77%, 0, 0, 10, 289.19
1586394482, 5, 306, 437, 309, 0, 0.77%, 0, 0, 10, 277.72
1586394487, 5, 308, 437, 309, 0, 0.77%, 0, 0, 10, 264.22
1586394492, 5, 317, 437, 309, 0, 0.77%, 0, 0, 10, 260.66
1586394497, 5, 320, 437, 309, 0, 0.77%, 0, 0, 10, 276.94
1586394503, 5, 339, 437, 309, 0, 0.77%, 0, 0, 10, 276.22
1586394508, 5, 344, 437, 309, 0, 0.77%, 0, 0, 10, 267.85
1586394513, 5, 363, 437, 309, 0, 0.77%, 0, 0, 10, 267.34
1586394518, 5, 369, 437, 309, 0, 0.77%, 0, 0, 10, 272.72
1586394523, 5, 374, 437, 309, 0, 0.77%, 0, 0, 10, 280.97
1586394528, 5, 381, 437, 309, 0, 0.77%, 0, 0, 10, 286.82
1586394533, 5, 400, 437, 309, 0, 0.77%, 0, 0, 10, 287.06
1586394538, 5, 410, 437, 309, 0, 0.77%, 0, 0, 10, 282.83
1586394543, 6, 3, 437, 309, 0, 0.77%, 0, 0, 10, 276.73
1586394548, 6, 27, 437, 309, 0, 0.77%, 0, 0, 10, 272.81
1586394553, 6, 44, 437, 309, 0, 0.77%, 0, 0, 10, 276.67
1586394559, 6, 78, 437, 309, 0, 0.77%, 0, 0, 10, 282.24
1586394564, 6, 125, 437, 309, 0, 0.77%, 0, 0, 10, 277.61
1586394569, 6, 131, 437, 309, 0, 0.77%, 0, 0, 10, 293.68
1586394728, 6, 157, 437, 308, 0, 0.77%, 0, 0, 10, 291.47
1586394733, 6, 190, 437, 308, 0, 0.77%, 0, 0, 10, 301.72
1586394763, 6, 198, 437, 307, 0, 0.77%, 0, 0, 10, 276.90
1586394768, 6, 212, 437, 307, 0, 0.77%, 0, 0, 10, 280.24
1586394773, 6, 215, 437, 307, 0, 0.77%, 0, 0, 10, 288.59
1586394779, 6, 226, 437, 307, 0, 0.77%, 0, 0, 10, 285.89
1586394784, 6, 231, 437, 307, 0, 0.77%, 0, 0, 10, 290.41
1586394789, 6, 244, 437, 307, 0, 0.77%, 0, 0, 10, 278.02
1586394794, 6, 262, 437, 307, 0, 0.77%, 0, 0, 10, 273.86
1586394799, 6, 304, 437, 307, 0, 0.77%, 0, 0, 10, 280.62
1586394804, 6, 306, 438, 308, 0, 0.77%, 0, 0, 10, 258.04
1586394809, 6, 308, 438, 308, 0, 0.77%, 0, 0, 10, 275.64
1586394814, 6, 316, 439, 309, 0, 0.77%, 0, 0, 10, 290.74
1586394819, 6, 319, 439, 309, 0, 0.77%, 0, 0, 10, 290.89
1586394824, 6, 321, 439, 309, 0, 0.77%, 0, 0, 10, 292.35
1586394830, 6, 344, 439, 309, 0, 0.77%, 0, 0, 10, 280.41
1586394835, 6, 363, 439, 309, 0, 0.77%, 0, 0, 10, 278.68
1586394840, 6, 368, 440, 310, 0, 0.77%, 0, 0, 10, 275.59
1586394845, 6, 373, 440, 310, 0, 0.77%, 0, 0, 10, 269.55
1586394850, 6, 375, 440, 310, 0, 0.77%, 0, 0, 10, 273.71
1586394855, 6, 382, 440, 310, 0, 0.77%, 0, 0, 10, 272.18
1586394860, 6, 388, 440, 310, 0, 0.77%, 0, 0, 10, 294.37
1586394881, 6, 400, 440, 309, 0, 0.77%, 0, 0, 10, 271.68
1586394886, 6, 410, 440, 309, 0, 0.77%, 0, 0, 10, 287.69
1586394891, 7, 4, 440, 309, 0, 0.77%, 0, 0, 10, 282.97
1586394896, 7, 31, 440, 309, 0, 0.77%, 0, 0, 10, 277.56
1586394901, 7, 45, 440, 309, 0, 0.77%, 0, 0, 10, 269.59
1586394906, 7, 78, 440, 309, 0, 0.77%, 0, 0, 10, 273.72
1586394912, 7, 102, 440, 309, 0, 0.77%, 0, 0, 10, 7.44
1586394917, 7, 134, 440, 309, 0, 0.77%, 0, 0, 10, 274.09
1586394922, 7, 141, 440, 309, 0, 0.77%, 0, 0, 10, 305.43
1586394932, 7, 144, 440, 308, 0, 0.77%, 0, 0, 10, 292.07
1586394937, 7, 173, 440, 308, 0, 0.77%, 0, 0, 10, 283.26
1586394942, 7, 212, 440, 308, 0, 0.77%, 0, 0, 10, 284.17
1586394947, 7, 214, 440, 308, 0, 0.77%, 0, 0, 10, 289.62
1586394952, 7, 219, 440, 308, 0, 0.77%, 0, 0, 10, 285.57
1586394957, 7, 231, 440, 308, 0, 0.77%, 0, 0, 10, 285.74
1586394963, 7, 234, 440, 308, 0, 0.77%, 0, 0, 10, 315.90
1586394978, 7, 243, 441, 308, 0, 0.77%, 0, 0, 10, 288.90
1586394983, 7, 258, 441, 308, 0, 0.77%, 0, 0, 10, 283.31
1586394988, 7, 303, 441, 308, 0, 0.77%, 0, 0, 10, 282.93
1586394993, 7, 306, 441, 308, 0, 0.77%, 0, 0, 10, 286.20
1586394998, 7, 307, 441, 308, 0, 0.77%, 0, 0, 10, 310.15
1586395034, 7, 308, 441, 307, 0, 0.77%, 0, 0, 10, 279.07
1586395040, 7, 317, 441, 307, 0, 0.77%, 0, 0, 10, 292.47
1586395045, 7, 320, 441, 307, 0, 0.77%, 0, 0, 10, 278.11
1586395050, 7, 321, 441, 307, 0, 0.77%, 0, 0, 10, 275.60
1586395055, 7, 344, 441, 307, 0, 0.77%, 0, 0, 10, 281.32
1586395060, 7, 363, 441, 307, 0, 0.77%, 0, 0, 10, 288.79
1586395065, 7, 365, 441, 307, 0, 0.77%, 0, 0, 10, 314.74
1586395081, 7, 368, 441, 306, 0, 0.77%, 0, 0, 10, 240.33
1586395086, 7, 373, 441, 306, 0, 0.77%, 0, 0, 10, 276.70
1586395091, 7, 376, 441, 306, 0, 0.77%, 0, 0, 10, 279.23
1586395096, 7, 382, 442, 307, 0, 0.77%, 0, 0, 10, 286.50
1586395101, 7, 400, 442, 307, 0, 0.77%, 0, 0, 10, 287.21
1586395106, 7, 413, 442, 307, 0, 0.77%, 0, 0, 10, 288.71
1586395111, 8, 15, 442, 307, 0, 0.77%, 0, 0, 10, 292.01
1586395116, 8, 34, 442, 307, 0, 0.77%, 0, 0, 10, 291.80
1586395121, 8, 48, 442, 307, 0, 0.77%, 0, 0, 10, 283.93
1586395127, 8, 91, 442, 307, 0, 0.77%, 0, 0, 10, 295.52
1586395223, 8, 94, 442, 306, 0, 0.77%, 0, 0, 10, 274.94
1586395352, 8, 125, 442, 305, 0, 0.77%, 0, 0, 10, 206.46
1586395357, 8, 130, 442, 305, 0, 0.77%, 0, 0, 10, 201.65
1586395378, 8, 134, 442, 305, 0, 0.77%, 0, 0, 10, 1.57
1586395383, 8, 158, 442, 305, 0, 0.77%, 0, 0, 10, 297.18
1586395388, 8, 210, 442, 305, 0, 0.77%, 0, 0, 10, 283.32
1586395393, 8, 214, 442, 305, 0, 0.77%, 0, 0, 10, 285.93
1586395398, 8, 218, 442, 305, 0, 0.77%, 0, 0, 10, 284.16
1586395403, 8, 226, 442, 305, 0, 0.77%, 0, 0, 10, 276.14
1586395408, 8, 228, 442, 305, 0, 0.77%, 0, 0, 10, 307.02
1586395663, 8, 231, 442, 304, 0, 0.77%, 0, 0, 10, 282.23
1586395668, 8, 240, 442, 304, 0, 0.77%, 0, 0, 10, 319.04
1586395683, 8, 244, 442, 303, 0, 0.77%, 0, 0, 10, 282.08
1586395688, 8, 262, 442, 303, 0, 0.77%, 0, 0, 10, 276.47
1586395693, 8, 304, 442, 303, 0, 0.77%, 0, 0, 10, 283.50
1586395699, 8, 308, 442, 303, 0, 0.77%, 0, 0, 10, 283.37
1586395704, 8, 317, 442, 303, 0, 0.77%, 0, 0, 10, 291.98
1586395709, 8, 320, 442, 303, 0, 0.77%, 0, 0, 10, 283.34
1586395714, 8, 339, 442, 303, 0, 0.77%, 0, 0, 10, 285.34
1586395719, 8, 362, 442, 303, 0, 0.77%, 0, 0, 10, 291.28
1586395724, 8, 363, 442, 303, 0, 0.77%, 0, 0, 10, 282.30
1586395729, 8, 369, 442, 303, 0, 0.77%, 0, 0, 10, 286.00
1586395734, 8, 375, 442, 303, 0, 0.77%, 0, 0, 10, 285.77
1586395739, 8, 382, 442, 303, 0, 0.77%, 0, 0, 10, 287.13
1586395745, 8, 404, 442, 303, 0, 0.77%, 0, 0, 10, 282.95
1586395750, 8, 413, 442, 303, 0, 0.77%, 0, 0, 10, 274.26
1586395755, 8, 436, 442, 303, 0, 0.77%, 0, 0, 10, 307.42
1586395797, 8, 437, 443, 303, 0, 0.77%, 0, 0, 10, 318.78
1586395832, 9, 20, 443, 302, 0, 0.77%, 0, 0, 10, 290.00
1586395837, 9, 37, 443, 302, 0, 0.77%, 0, 0, 10, 298.40
1586395842, 9, 70, 443, 302, 0, 0.77%, 0, 0, 10, 296.54
1586395847, 9, 102, 443, 302, 0, 0.77%, 0, 0, 10, 291.29
1586395853, 9, 117, 443, 302, 0, 0.77%, 0, 0, 10, 291.97
1586395858, 9, 134, 443, 301, 0, 0.77%, 0, 0, 10, 286.17
1586395863, 9, 158, 443, 301, 0, 0.77%, 0, 0, 10, 281.38
1586395868, 9, 161, 443, 301, 0, 0.77%, 0, 0, 10, 290.09
1586395873, 9, 207, 443, 300, 0, 0.77%, 0, 0, 10, 285.20
1586395878, 9, 208, 443, 300, 0, 0.77%, 0, 0, 10, 316.64
1586395908, 9, 212, 443, 299, 0, 0.77%, 0, 0, 10, 297.21
1586395913, 9, 214, 443, 299, 0, 0.77%, 0, 0, 10, 291.09
1586395918, 9, 219, 443, 299, 0, 0.77%, 0, 0, 10, 290.56
1586395924, 9, 231, 443, 299, 0, 0.77%, 0, 0, 10, 264.92
1586395929, 9, 244, 443, 299, 0, 0.77%, 0, 0, 10, 271.53
1586395934, 9, 262, 443, 299, 0, 0.77%, 0, 0, 10, 285.59
1586395939, 9, 279, 443, 299, 0, 0.77%, 0, 0, 10, 305.39
1586395985, 9, 279, 444, 300, 0, 0.77%, 0, 0, 10, 284.77
1586395995, 9, 279, 446, 302, 0, 0.77%, 0, 0, 10, 281.44
1586396066, 9, 304, 446, 301, 0, 0.77%, 0, 0, 10, 295.74
1586396071, 9, 308, 446, 301, 0, 0.77%, 0, 0, 10, 292.28
1586396076, 9, 317, 446, 301, 0, 0.77%, 0, 0, 10, 288.46
1586396081, 9, 320, 446, 301, 0, 0.77%, 0, 0, 10, 285.29
1586396086, 9, 326, 446, 301, 0, 0.77%, 0, 0, 10, 277.01
1586396091, 9, 339, 446, 300, 0, 0.77%, 0, 0, 10, 284.42
1586396097, 9, 344, 446, 300, 0, 0.77%, 0, 0, 10, 283.02
1586396102, 9, 363, 446, 300, 0, 0.77%, 0, 0, 10, 259.82
1586396107, 9, 369, 446, 300, 0, 0.77%, 0, 0, 10, 264.92
1586396112, 9, 374, 446, 300, 0, 0.77%, 0, 0, 10, 278.31
1586396117, 9, 381, 446, 300, 0, 0.77%, 0, 0, 10, 276.92
1586396122, 9, 400, 446, 300, 0, 0.77%, 0, 0, 10, 278.01
1586396127, 9, 410, 446, 300, 0, 0.77%, 0, 0, 10, 284.84
1586396132, 9, 415, 446, 300, 0, 0.77%, 0, 0, 10, 309.83
1586396158, 10, 19, 446, 299, 0, 0.77%, 0, 0, 10, 286.69
1586396163, 10, 34, 446, 299, 0, 0.77%, 0, 0, 10, 269.66
1586396168, 10, 48, 446, 299, 0, 0.77%, 0, 0, 10, 274.63
1586396173, 10, 93, 446, 299, 0, 0.77%, 0, 0, 10, 281.27
1586396179, 10, 124, 446, 299, 0, 0.77%, 0, 0, 10, 321.39
1586396530, 10, 125, 446, 298, 0, 0.77%, 0, 0, 10, 287.21
1586396535, 10, 144, 446, 298, 0, 0.77%, 0, 0, 10, 292.90
1586396540, 10, 173, 446, 298, 0, 0.77%, 0, 0, 10, 293.24
1586396545, 10, 212, 446, 298, 0, 0.77%, 0, 0, 10, 293.95
1586396550, 10, 214, 446, 298, 0, 0.77%, 0, 0, 10, 289.24
1586396555, 10, 219, 446, 298, 0, 0.77%, 0, 0, 10, 289.45
1586396561, 10, 231, 446, 298, 0, 0.77%, 0, 0, 10, 290.50
1586396566, 10, 244, 446, 298, 0, 0.77%, 0, 0, 10, 291.77
1586396571, 10, 255, 446, 298, 0, 0.77%, 0, 0, 10, 297.74
1586396576, 10, 262, 446, 297, 0, 0.77%, 0, 0, 10, 286.19
1586396581, 10, 292, 446, 297, 0, 0.77%, 0, 0, 10, 318.09
1586396617, 10, 303, 446, 296, 0, 0.77%, 0, 0, 10, 288.45
1586396622, 10, 306, 446, 296, 0, 0.77%, 0, 0, 10, 283.94
1586396627, 10, 314, 446, 296, 0, 0.77%, 0, 0, 10, 299.85
1586396661, 10, 317, 446, 295, 0, 0.77%, 0, 0, 10, 276.91
1586396666, 10, 320, 446, 295, 0, 0.77%, 0, 0, 10, 282.27
1586396671, 10, 321, 446, 295, 0, 0.77%, 0, 0, 10, 280.11
1586396676, 10, 344, 446, 295, 0, 0.77%, 0, 0, 10, 276.92
1586396681, 10, 363, 446, 295, 0, 0.77%, 0, 0, 10, 274.73
1586396686, 10, 369, 446, 295, 0, 0.77%, 0, 0, 10, 281.93
1586396692, 10, 374, 446, 295, 0, 0.77%, 0, 0, 10, 273.60
1586396697, 10, 381, 446, 295, 0, 0.77%, 0, 0, 10, 265.22
1586396702, 10, 400, 446, 295, 0, 0.77%, 0, 0, 10, 277.59
1586396707, 10, 413, 446, 295, 0, 0.77%, 0, 0, 10, 285.44
1586396712, 10, 442, 446, 295, 0, 0.77%, 0, 0, 10, 304.48
1586396784, 11, 0, 446, 294, 0, 0.77%, 0, 0, 10, 290.75
1586396789, 11, 4, 446, 294, 0, 0.77%, 0, 0, 10, 286.29
1586396794, 11, 19, 446, 294, 0, 0.77%, 0, 0, 10, 284.41
1586396799, 11, 24, 446, 294, 0, 0.77%, 0, 0, 10, 272.41
1586396804, 11, 31, 446, 294, 0, 0.77%, 0, 0, 10, 272.69
1586396809, 11, 37, 446, 294, 0, 0.77%, 0, 0, 10, 282.92
1586396814, 11, 44, 446, 294, 0, 0.77%, 0, 0, 10, 301.16
1586396820, 11, 48, 446, 294, 0, 0.77%, 0, 0, 10, 282.57
1586396825, 11, 70, 446, 294, 0, 0.77%, 0, 0, 10, 277.69
1586396830, 11, 78, 447, 295, 0, 0.77%, 0, 0, 10, 277.67
1586396835, 11, 84, 448, 296, 0, 0.77%, 0, 0, 10, 280.49
1586396840, 11, 102, 448, 296, 0, 0.77%, 0, 0, 10, 284.87
1586396845, 11, 125, 449, 297, 0, 0.77%, 0, 0, 10, 254.28
1586396851, 11, 128, 450, 298, 0, 0.77%, 0, 0, 10, 265.13
1586396856, 11, 140, 450, 298, 0, 0.77%, 0, 0, 10, 276.29
1586396861, 11, 144, 450, 298, 0, 0.77%, 0, 0, 10, 263.96
1586396866, 11, 154, 450, 298, 0, 0.77%, 0, 0, 10, 294.66
1586396891, 11, 157, 450, 297, 0, 0.77%, 0, 0, 10, 261.62
1586396896, 11, 160, 450, 297, 0, 0.77%, 0, 0, 10, 260.80
1586396902, 11, 173, 451, 298, 0, 0.77%, 0, 0, 10, 225.09
1586396907, 11, 195, 451, 298, 0, 0.77%, 0, 0, 10, 281.07
1586397069, 11, 197, 451, 297, 0, 0.77%, 0, 0, 10, 277.27
1586397075, 11, 198, 452, 298, 0, 0.77%, 0, 0, 10, 206.95
1586397080, 11, 201, 452, 298, 0, 0.77%, 0, 0, 10, 145.62
1586401671, 11, 210, 452, 297, 0, 0.77%, 0, 0, 10, 258.52
1586401676, 11, 212, 452, 297, 0, 0.77%, 0, 0, 10, 271.37
1586401681, 11, 213, 452, 297, 0, 0.77%, 0, 0, 10, 269.07
1586401691, 11, 214, 452, 297, 0, 0.77%, 0, 0, 10, 286.27
1586401696, 11, 215, 452, 297, 0, 0.77%, 0, 0, 10, 284.37
1586401701, 11, 218, 452, 297, 0, 0.77%, 0, 0, 10, 272.45
1586401707, 11, 219, 452, 297, 0, 0.77%, 0, 0, 10, 284.01
1586401712, 11, 226, 452, 297, 0, 0.77%, 0, 0, 10, 291.85
1586401717, 11, 226, 453, 298, 0, 0.77%, 0, 0, 10, 293.08
1586401722, 11, 231, 453, 298, 0, 0.77%, 0, 0, 10, 290.06
1586401727, 11, 241, 453, 298, 0, 0.77%, 0, 0, 10, 288.48
1586401732, 11, 243, 453, 298, 0, 0.77%, 0, 0, 10, 289.02
1586401737, 11, 244, 453, 298, 0, 0.77%, 0, 0, 10, 280.27
1586401742, 11, 258, 453, 298, 0, 0.77%, 0, 0, 10, 285.30
1586401748, 11, 262, 453, 298, 0, 0.77%, 0, 0, 10, 273.45
1586401753, 11, 265, 453, 298, 0, 0.77%, 0, 0, 10, 281.29
1586401758, 11, 274, 453, 298, 0, 0.77%, 0, 0, 10, 312.44
1586401803, 11, 303, 453, 297, 0, 0.77%, 0, 0, 10, 287.84
1586401809, 11, 304, 453, 297, 0, 0.77%, 0, 0, 10, 280.52
1586401819, 11, 306, 453, 297, 0, 0.77%, 0, 0, 10, 279.84
1586401824, 11, 308, 453, 297, 0, 0.77%, 0, 0, 10, 294.40
1586401834, 11, 316, 453, 297, 0, 0.77%, 0, 0, 10, 286.18
1586401839, 11, 317, 453, 297, 0, 0.77%, 0, 0, 10, 289.17
1586401844, 11, 319, 453, 297, 0, 0.77%, 0, 0, 10, 272.98
1586401854, 11, 320, 453, 297, 0, 0.77%, 0, 0, 10, 283.62
1586401865, 11, 321, 453, 297, 0, 0.77%, 0, 0, 10, 265.03
1586401875, 11, 325, 453, 297, 0, 0.77%, 0, 0, 10, 291.63
1586401880, 11, 339, 454, 297, 0, 0.77%, 0, 0, 10, 293.84
1586401885, 11, 343, 454, 297, 0, 0.77%, 0, 0, 10, 290.32
1586401890, 11, 344, 454, 297, 0, 0.77%, 0, 0, 10, 279.81
1586401895, 11, 362, 454, 297, 0, 0.77%, 0, 0, 10, 283.62
1586401906, 11, 363, 454, 297, 0, 0.77%, 0, 0, 10, 282.92
1586401911, 11, 368, 454, 297, 0, 0.77%, 0, 0, 10, 278.84
1586401921, 11, 369, 454, 297, 0, 0.77%, 0, 0, 10, 273.09
1586401926, 11, 373, 454, 297, 0, 0.77%, 0, 0, 10, 253.47
1586401936, 11, 374, 454, 297, 0, 0.77%, 0, 0, 10, 262.64
1586401941, 11, 375, 454, 297, 0, 0.77%, 0, 0, 10, 274.39
1586401946, 11, 376, 454, 297, 0, 0.77%, 0, 0, 10, 277.90
1586401952, 11, 381, 454, 297, 0, 0.77%, 0, 0, 10, 279.15
1586401957, 11, 382, 454, 297, 0, 0.77%, 0, 0, 10, 280.71
1586401962, 11, 385, 454, 297, 0, 0.77%, 0, 0, 10, 287.28
1586401967, 11, 388, 454, 297, 0, 0.77%, 0, 0, 10, 287.85
1586401972, 11, 400, 454, 297, 0, 0.77%, 0, 0, 10, 288.48
1586401977, 11, 404, 454, 297, 0, 0.77%, 0, 0, 10, 285.86
1586401987, 11, 410, 457, 300, 0, 0.77%, 0, 0, 10, 269.72
1586401992, 11, 410, 459, 302, 0, 0.77%, 0, 0, 10, 284.32
1586401998, 11, 413, 459, 302, 1, 0.77%, 0, 0, 10, 277.46
1586402003, 11, 457, 460, 303, 1, 0.77%, 0, 0, 10, 308.49
1586402094, 11, 459, 460, 302, 1, 0.77%, 0, 0, 10, 299.06
1586402185, 12, 0, 460, 301, 0, 0.77%, 0, 0, 10, 295.04
1586402190, 12, 4, 460, 301, 0, 0.77%, 0, 0, 10, 286.10
1586402196, 12, 19, 460, 301, 0, 0.77%, 0, 0, 10, 289.97
1586402201, 12, 24, 461, 302, 0, 0.77%, 0, 0, 10, 287.98
1586402206, 12, 31, 462, 303, 0, 0.77%, 0, 0, 10, 281.36
1586402211, 12, 36, 462, 303, 0, 0.77%, 0, 0, 10, 245.60
1586402216, 12, 44, 463, 304, 0, 0.77%, 0, 0, 10, 274.31
1586402221, 12, 48, 463, 304, 0, 0.77%, 0, 0, 10, 275.07
1586402226, 12, 70, 463, 304, 0, 0.77%, 0, 0, 10, 280.13
1586402231, 12, 78, 463, 304, 0, 0.77%, 0, 0, 10, 285.55
1586402236, 12, 84, 463, 304, 0, 0.77%, 0, 0, 10, 279.88
1586402242, 12, 97, 463, 304, 0, 0.77%, 0, 0, 10, 283.44
1586402247, 12, 107, 463, 304, 0, 0.77%, 0, 0, 10, 165.88
